"zone" "GPP.MODIS.mod.mean" "LAI.AVHRR.mod.mean" "GPP.MODIS.ref.mean" "LAI.AVHRR.ref.mean" "GPP.MODIS.bias" "LAI.AVHRR.bias" "GPP.MODIS.mod.sd" "LAI.AVHRR.mod.sd" "GPP.MODIS.ref.sd" "LAI.AVHRR.ref.sd" "GPP.MODIS.crmse" "LAI.AVHRR.crmse" "GPP.MODIS.mod.max.month" "LAI.AVHRR.mod.max.month" "GPP.MODIS.ref.max.month" "LAI.AVHRR.ref.max.month" "GPP.MODIS.phase" "LAI.AVHRR.phase" "GPP.MODIS.mod.iav" "GPP.MODIS.ref.iav" "LAI.AVHRR.mod.iav" "LAI.AVHRR.ref.iav" "GPP.MODIS.bias.score" "GPP.MODIS.iav.score" "GPP.MODIS.phase.score" "GPP.MODIS.rmse.score" "LAI.AVHRR.bias.score" "LAI.AVHRR.iav.score" "LAI.AVHRR.phase.score" "LAI.AVHRR.rmse.score"
"1" -57.20663 NA NA NA NA NA NA NA NA NA NA NA NA NA NA NA NA NA NA NA NA NA NA NA NA NA NA NA NA NA NA
"2" -51.627 1.02746147289872 0.618082851171494 0.657213047146797 0.700394883751869 0.370248392224312 -0.0823119953274727 0.626155868172646 0.202410643920302 0.607787400484085 0.278384603559971 0.481390759348869 0.227441802620888 11 6 12 3.5 1 3.5 0.171558022499084 0.134642589837313 0.0993816200643778 0.123242575675249 0.361509032547474 0.342848256230354 0.875 0.445679739117622 0.326114341616631 0.738174229860306 0.466506361961365 0.424238219857216
"3" -48.83718 0.645256921648979 0.381774809211493 0.202871557325125 0.38392062485218 0.442385394359007 -0.00214582681655884 0.435307029634714 0.167339159175754 0.207365445792675 0.180495984852314 0.310934104025364 0.193360567092896 6 7.5 12 4.5 1 3 0.166175201535225 0.0493996515870094 0.0932338163256645 0.0444525107741356 0.494216557592154 0.460171638987958 0.933012723922729 0.317485310137272 0.277223698794842 0.52875442057848 0.500000011175871 0.341341331601143
"4" -46.04737 1.75627100840211 1.59990832209587 1.57002811320126 1.83107352256775 0.18624284490943 -0.231165165702502 1.07165468577296 0.478200756013393 1.1742326086387 0.491091052691142 0.468073029071093 0.417773579557737 5.5 5.66666666666667 6.5 2.66666666666667 1 2.33333333333333 0.187611472792923 0.258393487194553 0.115094711383184 0.242067554965615 0.56616067132245 0.476918347814561 0.858253180980682 0.443948208951042 0.700500080982844 0.35764609867086 0.605662432809671 0.38081431388855
"5" -43.25755 1.96930883638561 1.40885145310313 0.985110301524401 0.940794013440609 0.984198537655175 0.468057472258806 1.12679862603545 0.397731912322342 0.731115366332233 0.253026744350791 0.546128168702126 0.371499041095376 8 6.25 6 5.75 1 3.5 0.257693189196289 0.156810930930078 0.128774523269385 0.108075194526464 0.278511051088572 0.496323091909289 0.904006361961365 0.316357666626573 0.164705236442387 0.621755870059133 0.420753180980682 0.300975147634745
"6" -37.67792 2.20006372928619 1.42874512970448 2.73585439324379 1.93182435631752 -0.535790627636015 -0.503079219907522 1.21650901734829 0.383504411578178 1.7811041623354 0.467117549479008 1.37669899761677 0.514555843174458 11.3 8.4 6.1 6.8 1.2 2 0.770259799063206 0.555872422456741 0.263619366288185 0.260703665576875 0.620102673768997 0.59838457852602 0.866506361961365 0.440735599398613 0.316102756932378 0.68333700299263 0.704903821647167 0.294565748050809
"7" -34.8881 1.96327479319139 1.02841823101044 2.24609846147624 0.990127992630005 -0.282823707400398 0.038290239404887 1.1083185645667 0.377182628214359 1.57886539264159 0.436246033012867 1.30689276619391 0.520014234632254 9.90909090909091 6.3 5.72727272727273 7.7 0.909090909090909 1.8 0.786573475057429 0.600960367782549 0.316940017789602 0.209444625303149 0.649268226190047 0.604789301753044 0.907459172335538 0.416581557555632 0.623287622630596 0.495307746529579 0.773205091804266 0.30665924847126
"8" -32.09829 1.80281170779331 1.18065687158907 2.13302644172853 0.912271051244302 -0.330214750360359 0.268385822884738 0.840735409070145 0.253879036923701 1.27094345031814 0.291835794056004 0.971352053298192 0.335961618884043 7.86363636363636 7.36363636363636 5.31818181818182 7.59090909090909 1.63636363636364 1.40909090909091 0.539009049365466 0.497942752966827 0.214003855870529 0.157649297648194 0.507982540791008 0.542547915935178 0.75445801561529 0.376558442176743 0.368800584671342 0.493622083089907 0.821823966435411 0.293031883002682
"9" -29.30847 1.86526462435722 1.4478511527974 1.77605884442865 0.865108693087542 0.0892057500227734 0.582742467591608 0.720333170352711 0.195512694004854 1.07883343852505 0.279947729298362 0.735609769683193 0.297347607987898 6.44444444444444 5.59259259259259 3.77777777777778 6.48148148148148 1.77777777777778 1.33333333333333 0.382523745022438 0.409774742641107 0.159458291932458 0.128732884302735 0.553422906884441 0.555693350042458 0.725854680218078 0.418413102350853 0.161739902730376 0.566552677640208 0.829522759826095 0.339162392472779
"10" -23.72884 2.25970432258716 1.47474532737397 2.35456311072533 1.05351790839008 -0.0948587925871834 0.421227404581649 1.10719787088068 0.410975883714855 1.28971703834056 0.286525430689965 1.0614469719585 0.446292409141149 3.16666666666667 3.57142857142857 3.5 4.89285714285714 0.933333333333333 2.32142857142857 0.674904009063418 0.544909645267762 0.316559868665146 0.163008809887937 0.463378537029136 0.531161607179092 0.912040543556213 0.352723659567949 0.269703110799518 0.291489811593367 0.642216105812362 0.20583070945161
"11" -20.93902 2.83221140515525 1.60426285775799 2.8946985884686 1.03446109352573 -0.0624871861873544 0.569801753807452 1.34519500553142 0.442529981204819 1.48299872712232 0.312578621410554 1.22468569932971 0.481164839719572 2.15625 3.03225806451613 2.09375 3.41935483870968 0.5625 1.2258064516129 0.683699320739834 0.613450823002495 0.296479929629112 0.159697395779433 0.555056200842955 0.635567449964583 0.951442271471024 0.374466781606316 0.195157262181202 0.397455885615801 0.829487155281728 0.225206541858854
"12" -18.14921 3.80492931231856 2.73898080041011 3.57968830629703 1.31523851354917 0.225241030896864 1.42374228046586 1.67504453586955 0.549268500258525 1.79376972767134 0.381366426497698 1.32399647442564 0.564994479715824 2.58064516129032 3.8 3.32258064516129 3.43333333333333 0.870967741935484 1.36666666666667 0.649269875138998 0.631279577651331 0.313807302713394 0.189448379414777 0.655368653156104 0.709481400347525 0.897746039975074 0.446872270996532 0.197950956212412 0.461378134973347 0.820972181111574 0.228557843777041
"13" -15.35939 4.74677515029907 3.23559418746403 4.82086677636419 1.82253534879003 -0.0740916393697262 1.41305887193552 1.92663864152772 0.641458505498511 1.99694609003408 0.451018911387239 1.56750238154616 0.685189462133816 2.10714285714286 4.39285714285714 2.5 4.60714285714286 1.03571428571429 1.78571428571429 0.634865569216864 0.640029476689441 0.265964560742889 0.225188688375056 0.565781308604138 0.731753400393895 0.897470193249839 0.441550907279764 0.160358340419261 0.498513930078064 0.735645584496004 0.238373372737052
"14" -12.56958 5.57760055363178 4.27901361385981 5.38871678213278 2.53997370849053 0.188883705607926 1.73903996311128 1.92117496331533 0.654952899863323 1.68328687548637 0.564489635949334 1.52809959401687 0.824147744725148 2.41666666666667 4.75 6.75 5.70833333333333 1.41666666666667 2.54166666666667 0.579270751525958 0.672281404957175 0.22800373348097 0.295512220511834 0.598065924830735 0.741633155072729 0.818629771471024 0.391080499626696 0.206655515379945 0.519075248390436 0.613835455849767 0.258683016567375
"15" -9.77976 6.1854283618927 4.97679723262787 6.43089787483215 2.86849255084991 -0.245469441586174 2.10830474473536 1.85640963196754 0.586571706831455 1.99670433521271 0.697312014102936 1.71675329685211 0.852035684585571 3.12 5.48 7 6.12 1.48 2.4 0.586481449007988 0.854672529697418 0.247642805725336 0.332366847395897 0.754779374599457 0.744045705795288 0.808564071655273 0.412216599881649 0.231459022619529 0.569182041585445 0.658564071655273 0.2996486094594
"16" -6.98994 6.78998805681864 5.20448002616564 6.67417368888855 3.1094362894694 0.115814357002576 2.09504374167882 1.28231776952744 0.317977455258369 1.93796566128731 0.699437153339386 1.71896571318309 0.734428701798121 6.2 5.9 7.16666666666667 6.6 1.43333333333333 2.63333333333333 0.506340066095193 0.845965194702148 0.19627983123064 0.359463708599408 0.614754202216864 0.61373032828172 0.833173028628031 0.396077987054984 0.20133352172569 0.62219589749972 0.58436963558197 0.344327840209007
"17" -4.20013 7.28968760967255 4.86507922410965 6.4874534368515 3.44737346569697 0.802234118680159 1.41770579069853 1.02052238980929 0.262593873093526 1.52024033665657 0.699889114499092 1.48534609278043 0.684942245483398 6.13333333333333 7.1 7.6 6.23333333333333 2.13333333333333 2.8 0.552421083798011 0.791210299730301 0.185454957187176 0.408052475253741 0.440213973075151 0.630456518133481 0.686602545529604 0.366645880043507 0.245511383842677 0.587907749414444 0.549401698013147 0.378720188140869
"18" -1.41031 7.49175906181335 4.79300229996443 5.74814835910139 3.75636911817959 1.74361076334427 1.03663313921009 0.831648925768918 0.208746592647263 1.21957828258646 0.661642502461161 1.54723215925282 0.665124020406178 5.13793103448276 8.03571428571429 7.55172413793103 7.28571428571429 2.75862068965517 2.82142857142857 0.574577104171802 0.700413308266936 0.184380397200584 0.449330101587943 0.301210694914234 0.60476243804241 0.560344831439956 0.299295129190231 0.295491432753416 0.545926300542695 0.550537988809603 0.364184404058116
"19" 1.3795 7.16161588685853 4.46540338652475 5.43534633730139 3.63884280728442 1.72626956685313 0.826560579107276 0.846300459866013 0.222947535504188 1.12098541004317 0.608321289931025 1.47502655216626 0.622926689684391 5.82142857142857 8.92857142857143 7 6.75 2.75 3.03571428571429 0.576243423989841 0.691741411175047 0.193010563030839 0.436623246542045 0.272817775440801 0.624284246138164 0.55596383448158 0.299402759809579 0.280938838675086 0.576627255550453 0.471462928024786 0.355953084571021
"20" 4.16932 6.26963515082995 4.31435695725183 5.07167496159673 3.14139309898019 1.1979601662606 1.17296388993661 1.11933571969469 0.234930951458712 1.24274076273044 0.574383965382973 1.35910383363565 0.583785078177849 6.875 9.20833333333333 7.5 6.83333333333333 2.125 2.125 0.590595208108425 0.679779411604007 0.16586875077337 0.356786290494104 0.432181521260645 0.748186408231656 0.653458865359426 0.34201841801405 0.300319778451618 0.609315867225329 0.673544321209192 0.365057917311788
"21" 6.95914 5.69570360820869 3.94156252335885 4.93695320445916 2.34881529314765 0.758750364955129 1.59274723200962 1.59708468474705 0.583850294833296 1.47097480913688 0.628029778856656 1.37747984816288 0.775396459061524 7.31034482758621 9.06896551724138 8.31034482758621 7.55172413793103 2.03448275862069 2.62068965517241 0.650563521856635 0.63942105194618 0.272531350914004 0.314942896623036 0.490485719694146 0.660526375832229 0.6993479004194 0.378799677665891 0.173134563121431 0.656548334606763 0.57065649253541 0.313789072735556
"22" 9.74895 4.66941855842742 2.78618813882537 4.0332409942057 1.63640495029188 0.636177591281012 1.14978319803073 2.03730123037531 0.658569489425469 1.86630114400759 0.609472479310728 1.47729751840234 0.711753244722082 8.65625 9.48387096774194 8.90625 7.61290322580645 0.875 2.25806451612903 0.903914724211063 0.615074141183868 0.324857334719009 0.249091074711853 0.562020384240896 0.595209767809138 0.885877386434004 0.428265513852239 0.308576976831612 0.558370756045465 0.671939590525243 0.318057719978594
"23" 12.53877 3.74839609951295 1.7740715610602 3.15393250846657 1.27555487587534 0.594463569433268 0.498516692844187 2.2322793906105 0.588127658445517 1.59938842077451 0.498685861584441 1.61187116223676 0.614745393266966 8.93103448275862 9.51724137931035 8.37931034482759 9 0.96551724137931 1.48275862068966 0.999457987250182 0.508271823027011 0.265857197440647 0.203010617402093 0.535035904215906 0.450427347986863 0.894694920243888 0.345204283708128 0.45687005216866 0.493027097722194 0.818799685558368 0.277818002192111
"24" 15.32858 2.34702236410778 1.75800277512521 2.10966830563677 1.32939159721136 0.237354066263994 0.428611171487719 1.0009875416427 0.322523232959211 0.80165779119467 0.377679948955774 0.927637210718411 0.485184491872787 8.47058823529412 9.36 7.97058823529412 8.08 1.38235294117647 2 0.576983033843777 0.313313435817904 0.20875990819186 0.204716096296906 0.497911762281814 0.459484354510684 0.821417752434226 0.321384547689163 0.380705869972007 0.442424768973142 0.70784610748291 0.267632842212915
"25" 18.1184 1.71408003128113 3.0512019679497 1.7379986463492 2.10651372905288 -0.0239186750145058 0.944688285035746 0.600289152474829 0.403628659545835 0.624777606832342 0.600304038929088 0.500741419656859 0.643029425293207 7.22222222222222 10.1428571428571 7.36111111111111 9.35714285714286 1.58333333333333 0.785714285714286 0.32856534603485 0.227414385092642 0.279726870595498 0.319877040971603 0.411850603572148 0.486802561737584 0.776780606557926 0.347359941562398 0.246196243645889 0.567964301710682 0.904647401400975 0.33288655243814
"26" 20.90822 1.50346364979347 2.82427961807698 1.56147218353399 1.91548687567314 -0.0580085142097255 0.90879278331995 0.653666714504466 0.513907946025332 0.667554380847436 0.651268981645505 0.543276007485859 0.714492283016443 5.20512820512821 10.2 6.51282051282051 9.06666666666667 1.71794871794872 1.26666666666667 0.351375728176616 0.202329850511887 0.358244699239731 0.327311243613561 0.511620015394253 0.436633165525199 0.752054545741815 0.374197661165552 0.429119251191635 0.456999513258537 0.815470059712728 0.322292833526929
"27" 23.69803 1.93637356258298 3.1640137604083 1.67365182137791 1.6127459261389 0.262721737211625 1.55126784599963 0.743831353612073 0.454407119147834 0.810253159318348 0.556309673048201 0.639660303922679 0.697146426708925 5.2 9.47619047619048 6.08888888888889 9.33333333333333 1.91111111111111 1.76190476190476 0.448192012378958 0.269061984271449 0.387297190570583 0.326060434537275 0.517631828130461 0.427446225931635 0.719138141638703 0.354695585735565 0.186080778034271 0.348735521636194 0.754670303137529 0.272575597677912
"28" 26.48785 1.91833841483603 3.01804816319297 1.58606528820335 1.42529137680928 0.332273122661536 1.59275677613914 0.760143749792335 0.442433882970363 0.872824016226805 0.524144496768713 0.621655444710632 0.636776668640474 5.66 8.91666666666667 5.84 8.75 1.5 2.08333333333333 0.401881517446382 0.266280833221681 0.356876773759723 0.282034005814542 0.500522688913916 0.505547132373322 0.798564072102308 0.381227130320622 0.107505023707442 0.481939097420157 0.704046439069013 0.279526284430176
"29" 29.27766 1.53876638702475 1.87614865993857 1.36984228536338 1.05704816024412 0.168924127455929 0.819100497290492 0.717212769035417 0.40012220577445 0.99679199492199 0.454610273467772 0.646499736867422 0.517675195453745 4.96363636363636 8.18181818181818 6.16363636363636 7.48484848484848 2.10909090909091 2.57575757575758 0.313930398809432 0.260597880579404 0.236783138828363 0.211508276533674 0.491318987987258 0.536140860549428 0.679621190916408 0.400779346139594 0.244898766250999 0.501079490055528 0.602000773856134 0.298337581821463
"30" 32.06748 1.73826301057013 1.79861373920623 1.55814406182617 0.970883155996735 0.180118938419932 0.827730572732115 0.929568150740054 0.441661813079279 1.19939428902804 0.47772710095789 0.789678640891977 0.54252270911191 5.76923076923077 7.81081081081081 5.61538461538461 6.43243243243243 1.26923076923077 2.45945945945946 0.37125148922496 0.2768601856481 0.226972379092429 0.152577697928693 0.506787930340757 0.51643721450248 0.844082796086486 0.37990467195724 0.292032529876844 0.444871275732997 0.632839559099159 0.279815372885079
"31" 34.8573 1.79974819106524 1.47937009542842 1.70389543200254 0.841384687545625 0.0958527364363929 0.637985426763242 1.24364375287913 0.549940506250344 1.48555664579771 0.43142080577937 0.887671677395701 0.525075463408774 5.83018867924528 7.47727272727273 6.20754716981132 6.20454545454545 1.0188679245283 2.04545454545455 0.473960479528134 0.341663960360852 0.250320448116823 0.125415960538455 0.617559862003577 0.564295985807346 0.866569880606993 0.424450824634372 0.33462528934152 0.354023266909115 0.692365950820121 0.271845333616842
"32" 37.64711 1.72279029067184 1.14567401774582 1.87250671444355 0.856063846321333 -0.149716428481042 0.289610175571094 1.46452042778497 0.670558587958415 1.7584970791666 0.486225930264308 1.11319179952426 0.570775463467553 6.37735849056604 7.5 6.58490566037736 6.52380952380952 0.924528301886792 1.54761904761905 0.549415388759577 0.367540873288405 0.276223932171152 0.121850056706795 0.618782091885805 0.546350220512634 0.909270632941768 0.435726716270987 0.415942235894146 0.365620889412683 0.793147098450434 0.295090579206035
"33" 40.43693 1.75376615513427 1.29452871308541 2.07349340851263 1.00514566347651 -0.319727236465163 0.289383040255179 1.59140560675878 0.73494009289931 2.15420492451425 0.607499804023815 1.27802282326544 0.620556896633428 6.2 7.54347826086957 6.48333333333333 6.6304347826087 0.65 1.08695652173913 0.614575200349403 0.369516879990018 0.294297371672102 0.154222621987371 0.710513051139909 0.550259803615397 0.922686938444773 0.486874337342618 0.45592932407643 0.378034898697439 0.881396283274112 0.34892093082485
"34" 43.22674 1.95628076915897 1.44474952947348 2.19798161890358 1.0416301751838 -0.241700856899843 0.403119343972089 1.89321738045849 0.849004194560443 2.46473921833094 0.706684832844664 1.37759303131606 0.688769009037345 6.31666666666667 7.72549019607843 6.58333333333333 6.88235294117647 0.6 1.35294117647059 0.62177096835585 0.41756484337966 0.262042869361775 0.167852266326401 0.722483128805955 0.529323116565744 0.932136726379394 0.525210241476695 0.475685337219272 0.537214468324594 0.855379534702675 0.37434144917072
"35" 46.01656 1.87185742478698 1.33480530855195 2.05305026358727 1.02930426434614 -0.181192827537994 0.305501032213215 1.89709838270915 0.744961842821795 2.37843392766786 0.696696033526678 1.11921679533341 0.584549286752008 6.45454545454545 8.125 6.5 6.703125 0.560606060606061 1.484375 0.534501696756872 0.424429625498526 0.227933764531372 0.154655419377377 0.774771844798868 0.589466312730854 0.957172643054615 0.555550204081969 0.461930294521153 0.542040971369715 0.810331505839713 0.401706957956776
"36" 48.80638 1.90634014522139 1.44093226131776 2.02990742203676 1.06519375844962 -0.123567278820297 0.375738502685433 1.99541803312281 0.69623469408705 2.51232441111157 0.776991363304357 1.28920488328569 0.659758483473625 6.77777777777778 8.43055555555556 6.54166666666667 6.66666666666667 0.430555555555556 1.81944444444444 0.543707747426298 0.471335828588862 0.243006467922694 0.184465307173216 0.775970141506857 0.579351543345385 0.969546791579988 0.568746384026276 0.5022427135975 0.571604610446634 0.75985128680865 0.407804986668958
"37" 51.59619 2.1495156750465 1.73406584649102 1.89918287747946 1.12138203139368 0.25033279775809 0.61268380983414 2.33805055152147 0.701119151260508 2.43035516524926 0.825692565621514 1.3461661503101 0.733068904986507 6.93589743589744 8.93421052631579 6.73076923076923 6.78947368421053 0.333333333333333 2.14473684210526 0.58294200247679 0.438152036987818 0.272325304728982 0.205570142520101 0.749432068222608 0.649889351752324 0.976183402232635 0.568128684392342 0.486654857124545 0.594709101954083 0.699713205036364 0.403988361064541
"38" 54.38601 2.40463218297044 1.96994838474402 1.89825291666266 1.18609915117719 0.506379281451339 0.783849239460568 2.71351373032348 0.823389202801149 2.5332186883443 0.936636039125386 1.31693145591919 0.763362608293989 7.06849315068493 8.86567164179104 6.82191780821918 6.82089552238806 0.246575342465753 2.04477611940298 0.586844953159763 0.410094531635716 0.258065405065444 0.213420022890639 0.732074389514858 0.634999628727363 0.983482589460399 0.573559152345135 0.463941816998117 0.641574508441028 0.727808059151493 0.43136090373815
"39" 57.17582 2.4029484548739 2.10042131202561 1.84700584837369 1.24380763428552 0.555942584813706 0.856613678272281 2.80517068505287 0.832010509925229 2.51964717592512 0.950384904444218 0.984944824661527 0.703254184765475 7.14285714285714 8.71428571428571 6.88571428571429 6.98571428571429 0.257142857142857 1.72857142857143 0.415369076068912 0.376679629513196 0.179789390255298 0.233978608676365 0.771420890625034 0.736350352516664 0.982774700437273 0.649256826085704 0.419241671343999 0.724467666234289 0.796803998947144 0.464468394858497
"40" 59.96564 2.11234626370041 1.96794533770378 1.52233592087501 1.25773170059674 0.590010342990833 0.710213644940355 2.61702584200784 0.725809035848265 2.15514999079077 0.906233019004129 0.989314928062652 0.676789371322279 7.23684210526316 8.47945205479452 7 7 0.236842105263158 1.47945205479452 0.348606539498034 0.336326877733594 0.143043714026882 0.225003452690905 0.751968788963399 0.746139601118078 0.984134592508015 0.618669577237023 0.437708149727893 0.692584575039067 0.845266897384435 0.45949572630941
"41" 62.75546 1.60565925911925 1.56929774885607 1.15746927466886 1.02781534870697 0.448189977708342 0.5414824002574 2.12502655044369 0.579314018361444 1.76982473487827 0.760057782667667 0.953755997892084 0.608674502649973 7.25287356321839 8.37209302325581 7.01149425287356 7.01162790697674 0.241379310344828 1.36046511627907 0.283782751267326 0.322870768585253 0.118867429558101 0.210084290958421 0.7532483705844 0.745357116748547 0.98383065749859 0.578543024844137 0.443705757603396 0.670766583015752 0.86548517748367 0.433991659865823
"42" 65.54527 1.03417687465359 1.12354237548611 0.782464430492837 0.87746865817524 0.251712441973117 0.246073703023982 1.4798838426359 0.437345287425721 1.30325228703441 0.522708473608215 0.735915446906195 0.474328168965084 7.36458333333333 8.28723404255319 7 7.03191489361702 0.364583333333333 1.25531914893617 0.228280303485614 0.271609425719362 0.102369527699069 0.181292398694031 0.79468951725327 0.751489496272673 0.975577555596828 0.561363823869297 0.462446725372463 0.672089668030434 0.881679552666684 0.387056563445862
"43" 68.33509 0.628606883734037 0.669586508284982 0.500711874340543 0.75812981000579 0.12789501384939 -0.0885433089783097 1.00969187046091 0.370773648457011 0.902512685781152 0.37463128137425 0.558006048887626 0.38522975083168 7.42528735632184 8.17073170731707 7 7.1219512195122 0.425287356321839 1.07317073170732 0.188669354933175 0.224771391862639 0.105827973178792 0.168753232784206 0.769623671137855 0.724478571433573 0.971511158449896 0.51743863434175 0.500906198035653 0.692258453950649 0.906668157112308 0.342004182316908
"44" 71.1249 0.380083521067792 0.423260057768361 0.275020511286352 0.593375292860649 0.105063008485428 -0.170115235854279 0.675671221156205 0.276700625471263 0.540821204180544 0.282948423600332 0.406495906916276 0.303125068037347 7.53061224489796 8.25 7.04081632653061 7.63636363636364 0.73469387755102 0.931818181818182 0.145479663484255 0.156259518487341 0.0884434523230249 0.155517232858322 0.774592481705607 0.713807626950497 0.938579218728202 0.481128888128667 0.384005515243519 0.691571892662482 0.917599006132646 0.331091246144338
"45" 73.91472 0.13882042656478 0.227406022640375 0.168949222494848 0.493871397697009 -0.0301287952112034 -0.266465376919279 0.26775616502855 0.140276854427961 0.357414363417774 0.220715546264098 0.20664988681674 0.182088198570105 7.55 8.15384615384615 7.05 8.46153846153846 1.1 0.615384615384615 0.0704158716602251 0.127555445535108 0.0595152161728877 0.150785367362774 0.823234169650823 0.601366847939789 0.896410179138184 0.514366902990878 0.317318172695545 0.566831368666429 0.923076923076923 0.417769156969511
"46" 79.49435 0.00310961558716372 0.00798161048442125 0.0147271491005085 0.185019761323929 -0.0116175337752793 -0.17703814804554 0.0110016053076833 0.0105918636545539 0.0392430482897907 0.158028468489647 0.0345900657121092 0.156501069664955 4.5 8 7 9 3.5 1 0.00850364891812205 0.0192861282266676 0.00937192235141993 0.0288753621280193 0.737833082675934 0.420484274625778 0.466506361961365 0.373178780078888 0.326184302568436 0.508934795856476 0.933012723922729 0.371452361345291
"47" 82.28417 NA NA NA NA NA NA NA NA NA NA NA NA NA NA NA NA NA NA NA NA NA NA NA NA NA NA NA NA NA NA
"48" 85.07398 NA NA NA NA NA NA NA NA NA NA NA NA NA NA NA NA NA NA NA NA NA NA NA NA NA NA NA NA NA NA
"49" 87.8638 NA NA NA NA NA NA NA NA NA NA NA NA NA NA NA NA NA NA NA NA NA NA NA NA NA NA NA NA NA NA
