"bias.score" "rmse.score" "phase.score" "iav.score" "dist.score"
"1" 0.00472485033747595 0.0101615967809323 1 0.000442170197119597 0.687883019606932
"2" 0.135179820927069 0.155998610658491 1 0.0941812425908757 0.687883019606932
"3" 0.403235753174775 0.25762642947738 1 0.107480829831391 0.687883019606932
"4" 0.0723473998250679 0.0693948446462947 1 0.00526181610530973 0.687883019606932
"5" 0.00645291776138575 0.00313710543242663 1 2.48698031884482e-06 0.687883019606932
"6" 0.0102419445555844 0.0167161932059893 1 0.00117137082519234 0.687883019606932
"7" 0.0978864742527546 0.0955152674422442 1 0.00587539096391331 0.687883019606932
"8" 0.572484343359387 0.44580202511345 1 0.287370921978593 0.687883019606932
"9" 0.877411335750557 0.527761982107008 1 0.464107477126143 0.687883019606932
"10" 0.903884999900346 0.515290927633524 1 0.518581442311096 0.687883019606932
"11" 0.851666433689623 0.496754507353546 1 0.47574141092894 0.687883019606932
"12" 0.69367921735341 0.44925512924532 0.933012701892219 0.352915223680906 0.687883019606932
"13" 0.750355364127928 0.490924463251678 0.933012701892219 0.495748303971383 0.687883019606932
"14" 0.765683897555734 0.49783283459846 0.933012701892219 0.465973479985669 0.687883019606932
"15" 0.598683897999525 0.441110701735703 0.933012701892219 0.300226030507397 0.687883019606932
"16" 0.173972356367518 0.18044161853758 0.933012701892219 0.0706167575175739 0.687883019606932
"17" 0.0319478022392334 0.0459741039389649 0.933012701892219 0.00584266097833608 0.687883019606932
"18" 4.06815275849002e-06 1.21449682992503e-05 1 1.7700650994589e-05 0.687883019606932
"19" 0.21769575589715 0.16511203879897 0.933012701892219 0.17072780985259 0.687883019606932
"20" 0.351975968990363 0.27514914577034 0.933012701892219 0.303943500853707 0.687883019606932
"21" 0.358338939827253 0.295150513151862 0.933012701892219 0.278864406782141 0.687883019606932
"22" 4.26872881390762e-14 5.89354623934895e-11 0.0669872981077806 1.78091909072251e-12 0.687883019606932
"23" 0.224989582071943 0.386605816218954 0.933012701892219 0.547489456745922 0.687883019606932
"24" 0.000280169294426632 0.0348130745744314 0.0669872981077806 0.0354034047137801 0.687883019606932
"25" 1.18099077808583e-10 0.000103475470037424 0.933012701892219 2.25947782528843e-05 0.687883019606932
"26" 0.863982272554779 0.646013805913191 1 0.627120454741927 0.687883019606932
"27" 0.766964307052607 0.568795123050562 1 0.719348987661088 0.687883019606932
"28" 0.647689865808838 0.54060757452273 1 0.286589287084861 0.687883019606932
"29" 0.887677977422583 0.622874849874332 1 0.426301765479561 0.687883019606932
"30" 0.93963189392151 0.623086982588314 1 0.511491225028926 0.687883019606932
"31" 0.842984829213559 0.615415842045705 1 0.655758632758814 0.687883019606932
"32" 0.954352002382738 0.571991612593423 1 0.49028338998807 0.687883019606932
"33" 0.84227163312048 0.527558780983093 0.933012701892219 0.424822714815193 0.687883019606932
"34" 0.806485492770365 0.523312977679571 0.933012701892219 0.513596273162387 0.687883019606932
"35" 0.788298607004566 0.519441958841708 0.933012701892219 0.608556827907257 0.687883019606932
"36" 0.860742826375083 0.522630384137407 0.933012701892219 0.715453229814442 0.687883019606932
"37" 0.996636929302419 0.528698030358535 1 0.84467461560272 0.687883019606932
"38" 0.938173244436582 0.533750486347337 1 0.748591576869287 0.687883019606932
"39" 0.99606790969781 0.506438789291627 1 0.562607081029687 0.687883019606932
"40" 0.838623181725138 0.49357979394137 1 0.464562447822218 0.687883019606932
"41" 0.65907232273559 0.465784759977778 1 0.393993860297562 0.687883019606932
"42" 0.669362270578663 0.507927973493648 1 0.387537211905486 0.687883019606932
"43" 0.765124287187918 0.565204147823196 1 0.382788535096818 0.687883019606932
"44" 0.932271267286181 0.581644221007133 1 0.350973028108147 0.687883019606932
"45" 0.948005058030904 0.616441938432109 1 0.557383684997431 0.687883019606932
"46" 0.994588185922779 0.641799241891202 1 0.701876438070502 0.687883019606932
"47" 0.526606957899072 0.454737119944897 1 0.462060580008443 0.687883019606932
"48" 0.589534182462956 0.412692495806329 1 0.451766068496542 0.687883019606932
"49" 0.613113224896634 0.400188753850003 1 0.413710737482303 0.687883019606932
"50" 0.605208295914718 0.409586377675967 1 0.47310927547351 0.687883019606932
"51" 0.538133252427762 0.376168759172569 1 0.411925582962646 0.687883019606932
"52" 0.00752741799030086 0.00741627547718146 1 0.00161639412523864 0.687883019606932
"53" 0.176907793046681 0.212345478192238 0.933012701892219 0.178686622528706 0.687883019606932
"54" 0.29848892098514 0.413924321725612 0.933012701892219 0.811081519334409 0.687883019606932
"55" 0.263240316110937 0.271274411401094 0.933012701892219 0.322559929880469 0.687883019606932
"56" 0.285340092614414 0.246405200749133 0.933012701892219 0.203601390149818 0.687883019606932
"57" 0.524786820427814 0.473286677295702 0.933012701892219 0.537102306842404 0.687883019606932
"58" 0.585092710570485 0.414197511171916 1 0.421378647916203 0.687883019606932
"59" 0.773030578836103 0.515907919519082 0.933012701892219 0.59372049776316 0.687883019606932
"60" 0.905477874834206 0.583893141852678 0.933012701892219 0.753949652347642 0.687883019606932
"61" 0.830071476772694 0.631042193579038 1 0.944757114235444 0.687883019606932
"62" 0.738846589278542 0.606459238202901 1 0.884451178768526 0.687883019606932
"63" 0.739060408241511 0.608371537151381 1 0.920110628001827 0.687883019606932
"64" 0.909190464083117 0.653057568959104 1 0.944916314049556 0.687883019606932
"65" 0.977814850317451 0.680948951212468 1 0.972422938724662 0.687883019606932
"66" 0.797268214461638 0.648204588073648 1 0.944986718346003 0.687883019606932
"67" 0.774510284990095 0.637025239466845 1 0.970627515371923 0.687883019606932
"68" 0.709257684512923 0.496251707248169 1 0.504947911587576 0.687883019606932
"69" 0.959910364679943 0.611384170609381 1 0.6958954197514 0.687883019606932
"70" 0.158423889200802 0.145400566246293 1 0.077781330470065 0.687883019606932
"71" 0.971151655851602 0.591141803918143 1 0.628448550628001 0.687883019606932
"72" 0.846297153702301 0.608890698106157 1 0.818525861402443 0.687883019606932
"73" 0.83679954818245 0.614059578053769 1 0.785750364501334 0.687883019606932
"74" 0.886987738125802 0.605320182946049 1 0.746487781200242 0.687883019606932
"75" 0.834116774082555 0.594519374222178 1 0.810968404988008 0.687883019606932
"76" 0.674052836028551 0.568622753893305 0.933012701892219 0.897309453721128 0.687883019606932
"77" 0.737671488712077 0.566998956669532 1 0.893107934690506 0.687883019606932
"78" 0.793145647394276 0.528328610059201 1 0.617717008443575 0.687883019606932
"79" 0.614825836554769 0.444517548917416 0.933012701892219 0.615252988721159 0.687883019606932
"80" 0.775228960496965 0.481925278176117 1 0.7587056164539 0.687883019606932
"81" 0.886730436062063 0.496636990612798 0.933012701892219 0.879546837967687 0.687883019606932
"82" 0.900581401348806 0.489444998368962 0.933012701892219 0.736745812967757 0.687883019606932
"83" 0.843819257975448 0.477548555341847 0.933012701892219 0.668199312726912 0.687883019606932
"84" 0.720747737048794 0.445945621834323 0.933012701892219 0.649735631040079 0.687883019606932
"85" 0.735791246243415 0.442312984473605 1 0.509768633427212 0.687883019606932
"86" 0.907611183032343 0.526336761002505 1 0.611765224505168 0.687883019606932
"87" 0.953186104759658 0.523542730378607 1 0.655501660828006 0.687883019606932
"88" 0.961423009807245 0.530773914834899 1 0.780640352291646 0.687883019606932
"89" 0.822272184726997 0.564083446060355 1 0.845786998205658 0.687883019606932
"90" 0.618836071195133 0.468070910432143 0.933012701892219 0.426340783812169 0.687883019606932
"91" 0.371941659119674 0.337379868170093 0.933012701892219 0.364524423254679 0.687883019606932
"92" 0.274885541184744 0.252323919162981 0.75 0.170673901005167 0.687883019606932
"93" 0.510333947053599 0.368991220007333 1 0.347437349710498 0.687883019606932
"94" 0.449463032059289 0.334799279085577 1 0.392911336238926 0.687883019606932
"95" 0.56663420443959 0.36704157740699 1 0.386268831829866 0.687883019606932
"96" 0.693317203520498 0.393065025142751 1 0.414206479482623 0.687883019606932
"97" 0.825158944285126 0.440233173341893 1 0.549994860398277 0.687883019606932
"98" 0.901341022186736 0.509584968664929 1 0.641068872310393 0.687883019606932
"99" 0.905447882494741 0.508032313658759 1 0.542244680082831 0.687883019606932
"100" 0.89940800990354 0.524573791179075 1 0.677119860198503 0.687883019606932
