"bias.score" "rmse.score" "phase.score" "iav.score" "dist.score"
"1" 0.706560789534958 0.410155289844241 0.75 0.723378619341191 0.832242324684419
"2" 0.0649373664887883 0.241681901857382 0.5 0.648981278365749 0.832242324684419
"3" 0.154958209092759 0.256613260204806 1 0.46237502359919 0.832242324684419
"4" 0.504711800521503 0.436777830201337 0.933012701892219 0.715687570488713 0.832242324684419
"5" 0.0190299483304162 0.0236885463934209 0.25 0.841814938535016 0.832242324684419
"6" 0.269687540549045 0.314503928913139 0.25 0.713220967481993 0.832242324684419
"7" 0.0605461926690994 0.358368462501712 1 0.93304066886558 0.832242324684419
"8" 0.444132790047296 0.506626623070103 1 0.595132174346404 0.832242324684419
"9" 0.522202413794123 0.531682804261935 1 0.560320570796319 0.832242324684419
"10" 0.286500822399703 0.35584609992543 0.75 0.610245513854978 0.832242324684419
"11" 0.662875012774597 0.308213486948728 0.933012701892219 0.600399874235474 0.832242324684419
"12" 0.37987355133245 0.49532591063933 1 0.670056395146728 0.832242324684419
"13" 0.394894122781765 0.617987355148493 1 0.710020550162148 0.832242324684419
"14" 0.387551721984095 0.228981360381328 1 0.561622195154295 0.832242324684419
"15" 0.67474494329477 0.571223570152618 1 0.764351290435019 0.832242324684419
"16" 0.976415304857653 0.568265214167379 0.933012701892219 0.592110189592595 0.832242324684419
"17" 0.0345144429333534 0.266900106323673 0.933012701892219 0.975058449375566 0.832242324684419
"18" NA NA NA NA 0.832242324684419
"19" 0.511932512357317 0.342165833628073 0.5 0.581917712892367 0.832242324684419
"20" 0.406276777027502 0.580603028869104 0.933012701892219 0.976621012671366 0.832242324684419
"21" 0.957118844699992 0.312738559908196 0.25 0.860274946601458 0.832242324684419
"22" 0.693907439606895 0.353787926028501 0.75 0.950276250172946 0.832242324684419
"23" 0.414816508157584 0.473720009155782 0.933012701892219 0.888164899752522 0.832242324684419
"24" 0.871946828456718 0.439350546704693 0.75 0.724868294150815 0.832242324684419
"25" 0.863809676100048 0.431620851047407 0.75 0.773157293524788 0.832242324684419
"26" 0.845831008511326 0.455055345760912 0.75 0.703472366732038 0.832242324684419
"27" 0.293215622740056 0.195526377264333 0.5 0.617952030882652 0.832242324684419
"28" 0.261309815788062 0.247466233060449 0.75 0.677417714119686 0.832242324684419
"29" 0.672956141589486 0.212223850556481 0.25 0.710951422727215 0.832242324684419
"30" 0.443131922573404 0.530055743795557 1 0.920659627802244 0.832242324684419
"31" 0.647490204562081 0.285846006316342 0.5 0.806490870056115 0.832242324684419
"32" 0.520890300840858 0.262895110254773 0.0669872981077806 0.843429219785037 0.832242324684419
"33" 0.343492583957025 0.540548565319807 1 0.55053261145332 0.832242324684419
"34" 0.506580650749295 0.2883074460474 0 0.583910818550281 0.832242324684419
"35" 0.363215110117763 0.3359668111481 0.5 0.822349005136333 0.832242324684419
"36" 0.212465197206499 0.487757973201746 1 0.906461942085546 0.832242324684419
"37" 0.18921097161074 0.548289939891773 1 0.829880433150322 0.832242324684419
"38" 0.388888292309183 0.684695109513314 1 NA 0.832242324684419
"39" 0.528715004976086 0.538225483255679 0.933012701892219 0.707011760360047 0.832242324684419
"40" 0.860415541052137 0.492347328699977 1 0.820898608833735 0.832242324684419
"41" 0.636339609751058 0.591927554514144 1 0.540590006917744 0.832242324684419
"42" 0.354814337663854 0.521691276114398 1 0.768267813695419 0.832242324684419
"43" 0.356037040145825 0.552032262782853 1 0.794232399041323 0.832242324684419
"44" 0.51449360288445 0.504264849762664 1 0.627974263454892 0.832242324684419
"45" NA NA NA NA 0.832242324684419
"46" 0.58753212530932 0.679957129749132 0.933012701892219 0.850025743118872 0.832242324684419
"47" 0.816204190632104 0.634525134223265 0.933012701892219 0.776104870970067 0.832242324684419
"48" 0.99404098659488 0.620583620533039 0.933012701892219 0.99155253473256 0.832242324684419
"49" 0.371015443527657 0.484529157620352 1 0.761879351543167 0.832242324684419
"50" 0.477792506423426 0.537256477002554 1 0.785580895247125 0.832242324684419
"51" 0.573314795697187 0.354776966751135 0.933012701892219 0.384451379888985 0.832242324684419
"52" 0.670704966210045 0.597544046533424 0.933012701892219 0.800147430913833 0.832242324684419
"53" 0.369640586361661 0.492299248024885 1 0.74609182914806 0.832242324684419
"54" 0.496725714716242 0.49278167130242 0.933012701892219 0.952582172779465 0.832242324684419
"55" 0.307056759274767 0.439657420996196 1 0.817616723877487 0.832242324684419
"56" 0.748003317555502 0.578572667590531 0.933012701892219 0.646790196977052 0.832242324684419
"57" 0.837250778611801 0.454117421426225 0.933012701892219 0.868194534769917 0.832242324684419
"58" 0.411640103422401 0.282222926814905 1 0.586691791635936 0.832242324684419
"59" 0.868032184077542 0.689906511677747 0.933012701892219 0.93761595615915 0.832242324684419
"60" 0.605089901055068 0.510578911635885 0.933012701892219 0.955177989740474 0.832242324684419
"61" 0.674642375163409 0.469033788779283 1 0.574787464789574 0.832242324684419
"62" 0.413660010582001 0.555711768117055 0.933012701892219 0.684360492255314 0.832242324684419
"63" 0.379567686488723 0.441174637206817 0.933012701892219 0.735548903352746 0.832242324684419
"64" 0.0335915690773873 0.0686400323661422 0.933012701892219 0.729428041219701 0.832242324684419
"65" 0.335910169742334 0.359245765937727 0.933012701892219 0.726294177215624 0.832242324684419
"66" 0.410104162164087 0.417601838187689 0.933012701892219 0.594382157961107 0.832242324684419
"67" 0.230196764286013 0.564310496801218 0.933012701892219 0.867115522205659 0.832242324684419
"68" 0.347602185971708 0.543155122822729 0.933012701892219 0.847302703922615 0.832242324684419
"69" 0.506289857573374 0.469343794516185 1 0.644394762875644 0.832242324684419
"70" 0.237670074558416 0.501262703386616 0.933012701892219 0.662900757973187 0.832242324684419
"71" 0.364690051051895 0.565172102975663 0.933012701892219 0.874295628195876 0.832242324684419
"72" 0.176849921347028 0.637988500939598 0.933012701892219 0.398687726053974 0.832242324684419
"73" 0.332752867998314 0.553350312124257 0.933012701892219 0.801244923819381 0.832242324684419
"74" 0.174854528966016 0.446471219727248 0.933012701892219 0.848863265381154 0.832242324684419
"75" 0.552764194392977 0.468133401984203 0.933012701892219 0.836998358885579 0.832242324684419
"76" NA NA NA NA 0.832242324684419
"77" 0.541412677376564 0.522178054422289 1 0.859727139940166 0.832242324684419
"78" 0.0100328415029687 0.135508125939988 0.0669872981077806 0.0243384625548151 0.832242324684419
"79" 0.5205640584562 0.462907641722343 1 0.768317422984812 0.832242324684419
"80" 0.725308662762017 0.695120114888846 1 0.708745675360617 0.832242324684419
"81" 0.819042404300504 0.630021376960174 1 0.552660607465604 0.832242324684419
"82" 0.829899789343604 0.454630624476573 1 0.942062243814275 0.832242324684419
"83" 0.561683963692029 0.517404636394053 0.933012701892219 0.664226047581883 0.832242324684419
"84" 0.418890940606895 0.401236091412289 0.5 0.876266828654635 0.832242324684419
"85" 0.435579519592011 0.466750480899473 1 0.841525261191531 0.832242324684419
"86" 0.426577234636323 0.366487585431772 1 0.596344056759587 0.832242324684419
"87" 0.500058032333034 0.423097142632687 1 0.952604843653469 0.832242324684419
"88" 0.370783955461877 0.343520783637615 1 0.735666186982088 0.832242324684419
"89" 0.354759675090031 0.355157861463202 0.75 0.60708901065922 0.832242324684419
"90" 0.144967072672272 0.142731186381714 1 0.773413932276053 0.832242324684419
"91" 0.436834075062786 0.425362172399495 1 0.823238549605158 0.832242324684419
"92" 0.317849858344001 0.290253780376105 1 0.849696729741664 0.832242324684419
"93" 0.819564172431813 0.360064324783096 0.75 0.434739724988774 0.832242324684419
"94" 0.472592172408165 0.430288499414359 1 0.838171574634063 0.832242324684419
"95" 0.992358585889003 0.602041562905656 0.933012701892219 0.843412568898931 0.832242324684419
"96" 0.662218257252349 0.447277341440906 0.933012701892219 0.502802681511439 0.832242324684419
"97" 0.459735323232823 0.390877052243524 1 0.982289300837741 0.832242324684419
"98" 0.630510382700338 0.612947033868889 1 0.905148314386017 0.832242324684419
"99" NA NA NA NA 0.832242324684419
"100" 0.662812609347267 0.526799648802248 1 0.758363678674853 0.832242324684419
