"bias.score" "rmse.score" "phase.score" "iav.score" "dist.score"
"1" 0.00511158983025914 0.375630951027756 NA 0.641619571054787 0.801528514739659
"2" 0.628660068554381 0.184219628843549 NA 0.806128577800509 0.801528514739659
"3" 0.297026430710871 0.252646524744138 NA 0.89374839189659 0.801528514739659
"4" 0.0286916208145176 0.253345414206012 NA 0.744526543619368 0.801528514739659
"5" 0.296697158114272 0.257651684323007 NA 0.822900253173195 0.801528514739659
"6" 1.14959707198859e-09 0.0737799050980954 NA 0.140335262773262 0.801528514739659
"7" 0.0114494932366629 0.0936134281319049 NA 0.375073268614825 0.801528514739659
"8" 0.101906764281301 0.105127695862891 NA 0.327625213509112 0.801528514739659
"9" 2.42065532260335e-103 8.33246469673951e-42 NA 1.59726644214424e-46 0.801528514739659
"10" 0.0802048944494985 0.168133797097569 NA 0.387753554361835 0.801528514739659
"11" 0.0685555141822412 0.136807879427713 NA 0.479476806391312 0.801528514739659
"12" 0.0258816670054222 0.118361756148624 NA 0.401155240118059 0.801528514739659
"13" 0.000105642585157993 0.0508342315573706 NA 0.148031512452722 0.801528514739659
"14" 0.847107685176227 0.264026458688357 NA 0.834630429654687 0.801528514739659
"15" 0.0111511403363523 0.0953500040139709 NA 0.276930629654884 0.801528514739659
"16" 0.0725647790272441 0.311633482672265 NA 0.997346650404675 0.801528514739659
"17" 0.678572415921891 0.0752308082403612 NA 0.220421902646612 0.801528514739659
"18" 0.0350034282371406 0.320178833172648 NA 0.960879831348731 0.801528514739659
"19" 0.0311180596249137 0.0168094547946339 NA 0.0422466467841166 0.801528514739659
"20" 6.55578109053479e-07 0.00035385040398253 NA 0.000939868213204753 0.801528514739659
"21" 0.000667247680142429 0.366250355255385 NA 0.53713479125333 0.801528514739659
"22" 0.274593614398429 0.181076138383272 NA 0.680868165538055 0.801528514739659
"23" 2.33820763581615e-12 1.27981768734462e-05 NA 3.11292349779581e-05 0.801528514739659
"24" 0.236327723792033 0.411922382790836 NA 0.950624829698277 0.801528514739659
"25" 0.00606133816722547 0.191288255524125 NA 0.730600759405596 0.801528514739659
"26" 0.563434919826044 0.273790906563178 NA 0.669461785297721 0.801528514739659
"27" 0.195122364514287 0.180830330874636 NA 0.719276163921453 0.801528514739659
"28" 0.275870182250611 0.168675453215841 NA 0.699894792857229 0.801528514739659
"29" 0.0350514428300997 0.254478789374224 NA 0.906887843385582 0.801528514739659
"30" 0.0464788447462435 0.071931968745084 NA 0.240738850664785 0.801528514739659
"31" 0.0286706307471249 0.288049942406051 NA 0.933841165225221 0.801528514739659
"32" 0.0292973599484879 0.348520681079952 NA 0.859206296485193 0.801528514739659
"33" 1.1551503307736e-12 3.11706040349048e-10 NA 4.98747374128369e-10 0.801528514739659
"34" 0.000427935728765469 0.0478556836424709 NA 0.155417739055858 0.801528514739659
"35" 0.226495883212889 0.228810830386081 NA 0.9468455277478 0.801528514739659
"36" 0.748102234845609 0.225660386128607 NA 0.84885226482545 0.801528514739659
"37" 0.0847585571517416 0.220332216673774 NA 0.918589786455769 0.801528514739659
"38" 0.000362989295530592 0.0652872371548094 NA 0.245533720576233 0.801528514739659
"39" 0.320313233789496 0.0944648495864093 NA 0.249972813104453 0.801528514739659
"40" 0.0197039883086849 0.000105395490181164 NA 0.000209548909582321 0.801528514739659
"41" 0.157564198044566 0.279433023165811 NA 0.760617183657478 0.801528514739659
"42" 0.000284730824977686 0.0130075681051168 NA 0.0357388214749061 0.801528514739659
"43" 0.0571023404439742 0.19846585290912 NA 0.728326535693982 0.801528514739659
"44" 0.00364160132915415 0.285351643228837 NA 0.755899871237492 0.801528514739659
"45" 0.727742865035178 0.183224165149426 NA 0.733356095621237 0.801528514739659
"46" 0.730153832341957 0.118574028140145 NA 0.607728380267535 0.801528514739659
"47" 8.14702684952218e-06 0.000752459927621206 NA 0.00126729368723525 0.801528514739659
"48" 0.765850903193805 0.179805139404378 NA 0.674668477588958 0.801528514739659
"49" 0.0292798816963769 0.00369117642554921 NA 0.00893874315397276 0.801528514739659
"50" 0.551013526752679 0.209599975269193 NA 0.616512124459093 0.801528514739659
"51" NA NA NA NA NA
"52" NA NA NA NA NA
"53" NA NA NA NA NA
"54" NA NA NA NA NA
"55" NA NA NA NA NA
"56" NA NA NA NA NA
"57" NA NA NA NA NA
"58" NA NA NA NA NA
"59" NA NA NA NA NA
"60" NA NA NA NA NA
"61" NA NA NA NA NA
"62" NA NA NA NA NA
"63" NA NA NA NA NA
"64" NA NA NA NA NA
"65" NA NA NA NA NA
"66" NA NA NA NA NA
"67" NA NA NA NA NA
"68" NA NA NA NA NA
"69" NA NA NA NA NA
"70" NA NA NA NA NA
"71" NA NA NA NA NA
"72" NA NA NA NA NA
"73" NA NA NA NA NA
"74" NA NA NA NA NA
"75" NA NA NA NA NA
"76" NA NA NA NA NA
"77" NA NA NA NA NA
"78" NA NA NA NA NA
"79" NA NA NA NA NA
"80" NA NA NA NA NA
"81" NA NA NA NA NA
"82" NA NA NA NA NA
"83" NA NA NA NA NA
"84" NA NA NA NA NA
"85" NA NA NA NA NA
"86" NA NA NA NA NA
"87" NA NA NA NA NA
"88" NA NA NA NA NA
"89" NA NA NA NA NA
"90" NA NA NA NA NA
"91" NA NA NA NA NA
"92" NA NA NA NA NA
"93" NA NA NA NA NA
"94" NA NA NA NA NA
"95" NA NA NA NA NA
"96" NA NA NA NA NA
"97" NA NA NA NA NA
"98" NA NA NA NA NA
"99" NA NA NA NA NA
"100" NA NA NA NA NA
