"bias.score" "rmse.score" "phase.score" "iav.score" "dist.score"
"1" NA NA NA NA 0.39931967876696
"2" NA NA NA NA 0.39931967876696
"3" NA NA NA NA 0.39931967876696
"4" NA NA NA NA 0.39931967876696
"5" NA NA NA NA 0.39931967876696
"6" NA NA NA NA 0.39931967876696
"7" NA NA NA NA 0.39931967876696
"8" NA NA NA NA 0.39931967876696
"9" NA NA NA NA 0.39931967876696
"10" NA NA NA NA 0.39931967876696
"11" NA NA NA NA 0.39931967876696
"12" NA NA NA NA 0.39931967876696
"13" NA NA NA NA 0.39931967876696
"14" NA NA NA NA 0.39931967876696
"15" NA NA NA NA 0.39931967876696
"16" NA NA NA NA 0.39931967876696
"17" NA NA NA NA 0.39931967876696
"18" NA NA NA NA 0.39931967876696
"19" NA NA NA NA 0.39931967876696
"20" NA NA NA NA 0.39931967876696
"21" NA NA NA NA 0.39931967876696
"22" NA NA NA NA 0.39931967876696
"23" NA NA NA NA 0.39931967876696
"24" NA NA NA NA 0.39931967876696
"25" NA NA NA NA 0.39931967876696
"26" NA NA NA NA 0.39931967876696
"27" NA NA NA NA 0.39931967876696
"28" NA NA NA NA 0.39931967876696
"29" NA NA NA NA 0.39931967876696
"30" NA NA NA NA 0.39931967876696
"31" NA NA NA NA 0.39931967876696
"32" NA NA NA NA 0.39931967876696
"33" NA NA NA NA 0.39931967876696
"34" NA NA NA NA 0.39931967876696
"35" NA NA NA NA 0.39931967876696
"36" NA NA NA NA 0.39931967876696
"37" NA NA NA NA 0.39931967876696
"38" NA NA NA NA 0.39931967876696
"39" NA NA NA NA 0.39931967876696
"40" NA NA NA NA 0.39931967876696
"41" NA NA NA NA 0.39931967876696
"42" NA NA NA NA 0.39931967876696
"43" NA NA NA NA 0.39931967876696
"44" NA NA NA NA 0.39931967876696
"45" NA NA NA NA 0.39931967876696
"46" NA NA NA NA 0.39931967876696
"47" NA NA NA NA 0.39931967876696
"48" NA NA NA NA 0.39931967876696
"49" NA NA NA NA 0.39931967876696
"50" NA NA NA NA 0.39931967876696
"51" NA NA NA NA 0.39931967876696
"52" NA NA NA NA 0.39931967876696
"53" NA NA NA NA 0.39931967876696
"54" NA NA NA NA 0.39931967876696
"55" NA NA NA NA 0.39931967876696
"56" NA NA NA NA 0.39931967876696
"57" NA NA NA NA 0.39931967876696
"58" NA NA NA NA 0.39931967876696
"59" NA NA NA NA 0.39931967876696
"60" NA NA NA NA 0.39931967876696
"61" NA NA NA NA 0.39931967876696
"62" NA NA NA NA 0.39931967876696
"63" NA NA NA NA 0.39931967876696
"64" NA NA NA NA 0.39931967876696
"65" NA NA NA NA 0.39931967876696
"66" NA NA NA NA 0.39931967876696
"67" NA NA NA NA 0.39931967876696
"68" NA NA NA NA 0.39931967876696
"69" NA NA NA NA 0.39931967876696
"70" NA NA NA NA 0.39931967876696
"71" NA NA NA NA 0.39931967876696
"72" NA NA NA NA 0.39931967876696
"73" NA NA NA NA 0.39931967876696
"74" NA NA NA NA 0.39931967876696
"75" NA NA NA NA 0.39931967876696
"76" NA NA NA NA 0.39931967876696
"77" NA NA NA NA 0.39931967876696
"78" NA NA NA NA 0.39931967876696
"79" NA NA NA NA 0.39931967876696
"80" NA NA NA NA 0.39931967876696
"81" NA NA NA NA 0.39931967876696
"82" NA NA NA NA 0.39931967876696
"83" NA NA NA NA 0.39931967876696
"84" NA NA NA NA 0.39931967876696
"85" NA NA NA NA 0.39931967876696
"86" NA NA NA NA 0.39931967876696
"87" NA NA NA NA 0.39931967876696
"88" NA NA NA NA 0.39931967876696
"89" NA NA NA NA 0.39931967876696
"90" NA NA NA NA 0.39931967876696
"91" NA NA NA NA 0.39931967876696
"92" NA NA NA NA 0.39931967876696
"93" NA NA NA NA 0.39931967876696
"94" NA NA NA NA 0.39931967876696
"95" NA NA NA NA 0.39931967876696
"96" NA NA NA NA 0.39931967876696
"97" NA NA NA NA 0.39931967876696
"98" NA NA NA NA 0.39931967876696
"99" NA NA NA NA 0.39931967876696
"100" NA NA NA NA 0.39931967876696
