"bias.score" "rmse.score" "phase.score" "iav.score" "dist.score"
"1" 0.0689192233620854 0.37242126639194 0 0.367879441171442 0.803696240961077
"2" 0.305190903965215 0.369868004932829 0.25 0.367879441171442 0.803696240961077
"3" 0.148220690977792 0.401547120083543 1 0.459793720096407 0.803696240961077
"4" 0.201504953622026 0.380041041347866 1 0.50011474010715 0.803696240961077
"5" 0.26890934816234 0.378828450277147 1 0.482385190926721 0.803696240961077
"6" 0.199752406917468 0.370860630565008 0.933012701892219 0.372917641876112 0.803696240961077
"7" 0.221123386781248 0.378519392367935 0.933012701892219 0.512117647873102 0.803696240961077
"8" 0.170149041798305 0.404623671893121 0.933012701892219 0.450752688515863 0.803696240961077
"9" 0.118633435253507 0.329682377734528 1 0.544211833770489 0.803696240961077
"10" 0.136456286976995 0.371081837822196 1 0.504692453091433 0.803696240961077
"11" 0.126488113148915 0.411406950901957 1 0.473406589242116 0.803696240961077
"12" 0.132515621560559 0.400772322045266 1 0.500505832984472 0.803696240961077
"13" 0.109998522454492 0.403377988243414 1 0.495928762890168 0.803696240961077
"14" 0.112745050331387 0.418385040985239 1 0.493611115346688 0.803696240961077
"15" 0.0262106603708939 0.267228874358278 0.933012701892219 0.550992420775351 0.803696240961077
"16" 0.0645691886547774 0.410665312067586 0.933012701892219 0.457161208009977 0.803696240961077
"17" 0.0123174058787321 0.317615278535186 0.75 0.505444110233857 0.803696240961077
"18" 0.0216698845847181 0.330683188610305 0.75 0.415841565408347 0.803696240961077
"19" 0.0235921887539972 0.314415026969124 0.75 0.424515531826522 0.803696240961077
"20" 0.429186376837329 0.0476576068972987 0.933012701892219 0.542267993111189 0.803696240961077
"21" 0.0831252558443245 0.397512300638174 0.933012701892219 0.426120995624364 0.803696240961077
"22" 0.11493698745498 0.380731229297006 0.933012701892219 0.444811118164318 0.803696240961077
"23" 0.0836627174095758 0.36896128493784 0.933012701892219 0.530277304458917 0.803696240961077
"24" 0.131271382783941 0.379389085451259 0.933012701892219 0.465921948246437 0.803696240961077
"25" 0.146304232272858 0.353241603989908 0.933012701892219 0.542423041604009 0.803696240961077
"26" 0.154017959937193 0.267225371414939 0.933012701892219 0.58957865937477 0.803696240961077
"27" 0.201466553947564 0.309743792455752 0.933012701892219 0.534618345612533 0.803696240961077
"28" 0.192465030530059 0.327177862091601 0.933012701892219 0.531401552208037 0.803696240961077
"29" 0.178646904337254 0.296932099023919 0.933012701892219 0.546669411477424 0.803696240961077
"30" 0.146823496966439 0.348304050175132 0.933012701892219 0.508117196469633 0.803696240961077
"31" 0.251284931758674 0.40551015721369 1 0.481382849569471 0.803696240961077
"32" 0.243157808486208 0.394034149420138 1 0.472238835400636 0.803696240961077
"33" 0.243206717641185 0.368270502657375 0.933012701892219 0.480036982892303 0.803696240961077
"34" 0.161732946481848 0.0338948520905669 0.933012701892219 0.750774321529199 0.803696240961077
"35" 0.0947950921908291 0.25704179872665 0.933012701892219 0.502129408556663 0.803696240961077
"36" 0.134869674616953 0.200041189137656 0.933012701892219 0.591793857599631 0.803696240961077
"37" 0.142231460646478 0.14520611202203 0.933012701892219 0.580303549926349 0.803696240961077
"38" 0.176323175370264 0.206873112627902 0.933012701892219 0.514999366811718 0.803696240961077
"39" 0.255078715296041 0.26574993925339 0.933012701892219 0.525650291535816 0.803696240961077
"40" 0.245139867402522 0.25845201119974 0.933012701892219 0.527631882868899 0.803696240961077
"41" 0.311384707491783 0.0732717071964459 0.933012701892219 0.701288578779778 0.803696240961077
"42" 0.152914684829735 0.106361683894371 0.933012701892219 0.627708841206675 0.803696240961077
"43" 0.144688919953958 0.15498885388417 0.933012701892219 0.718633045228911 0.803696240961077
"44" 0.152855328651721 0.0626642727067676 0.75 0.874772139011778 0.803696240961077
"45" 0.22861124634167 0.197178243824541 0.75 0.709876302776542 0.803696240961077
"46" 0.246613908276948 0.0624215839121804 0.75 0.962324973430243 0.803696240961077
"47" 0.220257421955645 0.247697175237834 0.75 0.744736185656868 0.803696240961077
"48" 0.239923161369452 0.242800872203447 0.75 0.799004213272237 0.803696240961077
"49" 0.24421981073043 0.246035059849987 0.75 0.749837837235568 0.803696240961077
"50" 0.239498386939565 0.23511499028527 0.933012701892219 0.819818157062171 0.803696240961077
"51" 0.208693232045023 0.21737696858712 0.933012701892219 0.580184404603457 0.803696240961077
"52" 0.235686054428618 0.276959243133821 0.75 0.872098751014109 0.803696240961077
"53" 0.112621850018688 0.233937753441817 0.933012701892219 0.604089990154515 0.803696240961077
"54" 0.0810622656750967 0.204604882051882 0.75 0.659195033946163 0.803696240961077
"55" 0.0913071831894407 0.147577037111797 0.933012701892219 0.741140091195946 0.803696240961077
"56" 0.139893621587875 0.286386753588258 0.933012701892219 0.578103831117197 0.803696240961077
"57" 0.098869564747066 0.328249363962785 0.933012701892219 0.490840970739328 0.803696240961077
"58" 0.132595415993197 0.325720797764797 0.933012701892219 0.413148572458539 0.803696240961077
"59" 0.119625604094109 0.369805529826425 0.25 0.367879441171442 0.803696240961077
"60" 0.0955583236214413 0.359260120340859 0.933012701892219 0.465763209208993 0.803696240961077
"61" 0.0418103840758515 0.377043452611781 0.933012701892219 0.414526963546481 0.803696240961077
"62" 0.039320523448728 0.383936207946317 0.933012701892219 0.41928468776513 0.803696240961077
"63" 0.0995688802166914 0.34608687814092 0.933012701892219 0.425695471674109 0.803696240961077
"64" 0.608573834494127 0.505760443079535 1 0.489295110584155 0.803696240961077
"65" 0.486328858795917 0.466138616468059 1 0.484788330331307 0.803696240961077
"66" 0.870519461135123 0.435710083458087 1 0.471176519526744 0.803696240961077
"67" 0.273334457959376 0.533764612315124 0.933012701892219 0.536020319231084 0.803696240961077
"68" 0.129219238877555 0.559203424020669 0.933012701892219 0.597843573152868 0.803696240961077
"69" 0.252629437195508 0.514637291934635 0.933012701892219 0.562832803943957 0.803696240961077
"70" 0.34992987338322 0.392611053122405 1 0.500310785017223 0.803696240961077
"71" 0.724824324734171 0.277845153948639 0.933012701892219 0.61333196630946 0.803696240961077
"72" 0.204833775627923 0.418909074959662 0.933012701892219 0.584000852556505 0.803696240961077
"73" 0.226458082497687 0.424231400302454 0.933012701892219 0.523418011617595 0.803696240961077
"74" 0.191019751531192 0.406564387331652 0.75 0.513265028525853 0.803696240961077
"75" 0.225195308884719 0.381795209505132 0.933012701892219 0.562960740616331 0.803696240961077
"76" 0.134825648727945 0.30941889660625 0.75 0.571328564597095 0.803696240961077
"77" 0.183001527164809 0.375067889666337 0.933012701892219 0.625575183786076 0.803696240961077
"78" 0.0632684256228525 0.113246698158558 0.933012701892219 0.850947243915016 0.803696240961077
"79" 0.0946249861795269 0.229706876008371 0.933012701892219 0.703983552797888 0.803696240961077
"80" 0.086764267510553 0.0968514448924671 0.933012701892219 0.753266311642287 0.803696240961077
"81" 0.153011149882382 0.178484758580876 0.933012701892219 0.544103617147871 0.803696240961077
"82" 0.102715125026047 0.11202002560924 1 0.765900861590774 0.803696240961077
"83" 0.14690502210322 0.186486047577129 0.933012701892219 0.560762388592008 0.803696240961077
"84" 0.279554155714132 0.398693472739245 0.933012701892219 0.487982579853421 0.803696240961077
"85" 0.242977843698805 0.347614356365721 0.75 0.534935509605785 0.803696240961077
"86" 0.209049609850085 0.370445262665857 0.75 0.450914968999962 0.803696240961077
"87" 0.154731572024627 0.218384464201155 0.75 0.522086255302804 0.803696240961077
"88" 0.180216298961567 0.319540354849865 0.933012701892219 0.479499586227974 0.803696240961077
"89" 0.400012075058829 0.361457148855302 0.933012701892219 0.599445575507692 0.803696240961077
"90" 0.40243713182311 0.178061452900959 0.933012701892219 0.809404122089323 0.803696240961077
"91" 0.32525910952733 0.116260685247084 0.933012701892219 0.701444457121061 0.803696240961077
"92" 0.424700034940527 0.0438462833756529 0.933012701892219 0.876126539219878 0.803696240961077
"93" 0.400248190899114 0.0547807050155613 0.933012701892219 0.788853357519599 0.803696240961077
"94" 0.556502862072597 0.0314728060509305 0.933012701892219 0.857350333934352 0.803696240961077
"95" 0.456164223070923 0.0888004994312742 0.933012701892219 0.657513467758647 0.803696240961077
"96" 0.417694072434837 0.0783191739176849 0.933012701892219 0.730731058363508 0.803696240961077
"97" 0.241029647682371 0.294670348906539 0.933012701892219 0.54444252921866 0.803696240961077
"98" 0.195774133770871 0.268218360535233 0.933012701892219 0.516228495133857 0.803696240961077
"99" 0.236612353855492 0.126488021571869 0.933012701892219 0.712413068473179 0.803696240961077
"100" 0.186832279647314 0.115114339885117 0.933012701892219 0.615095505228592 0.803696240961077
