"bias.score" "rmse.score" "phase.score" "iav.score" "dist.score"
"1" 0.976779728975128 0.558625248651724 1 0.535665030112824 0.82068460564771
"2" 0.57744646145708 0.520786355606952 0.933012701892219 0.531833154900039 0.82068460564771
"3" 0.562749380456615 0.510554761109005 0.933012701892219 0.53327592690221 0.82068460564771
"4" 0.572718818617255 0.51769818452012 0.933012701892219 0.526640346869419 0.82068460564771
"5" 0.773821498463623 0.609821807249317 1 0.894276181154782 0.82068460564771
"6" 0.814462021455437 0.631473847443604 1 0.704788584890887 0.82068460564771
"7" 0.834283538320453 0.660652212349278 1 0.75705697461756 0.82068460564771
"8" 0.814627487261829 0.724338949241607 1 0.945677326986143 0.82068460564771
"9" 0.785883898490687 0.732092644793562 1 0.797090341055498 0.82068460564771
"10" 0.785036342995945 0.686787472162501 1 0.759469622633754 0.82068460564771
"11" 0.802132778022126 0.680030579421132 1 0.725514215427818 0.82068460564771
"12" 0.781859383216493 0.659816780899601 1 0.908182785117199 0.82068460564771
"13" 0.752196627554734 0.660634268891876 1 0.984846492221765 0.82068460564771
"14" 0.771555657476448 0.664077907932537 1 0.965442260805234 0.82068460564771
"15" 0.791100886039337 0.688414654314845 1 0.837666698463989 0.82068460564771
"16" 0.880205236938692 0.687226565423483 1 0.96984263024946 0.82068460564771
"17" 0.832960211747089 0.615100969358537 1 0.888368043635876 0.82068460564771
"18" 0.746237490561544 0.715619235017642 1 0.918517019790535 0.82068460564771
"19" 0.747786685029258 0.748977295586155 1 0.96379948248503 0.82068460564771
"20" 0.673537088433941 0.708132190332731 1 0.668639930621896 0.82068460564771
"21" 0.675845280574771 0.597212095246588 1 0.522278419580471 0.82068460564771
"22" 0.957149440360202 0.821163738577465 1 0.843523096713712 0.82068460564771
"23" 0.959782879666597 0.718431514889926 1 0.912943041552792 0.82068460564771
"24" 0.948320278688964 0.787128713674874 1 0.81846795287688 0.82068460564771
"25" 0.809970472916919 0.783730884367884 1 0.992722019239155 0.82068460564771
"26" 0.830517039240204 0.734274734787439 1 0.904544712035781 0.82068460564771
"27" 0.808992122803671 0.73247484924768 1 0.854629656873689 0.82068460564771
"28" 0.857619058992317 0.727864672872137 1 0.799130099592168 0.82068460564771
"29" 0.871094369072706 0.713955635306249 1 0.852988457056293 0.82068460564771
"30" 0.857377243125939 0.714060391967159 1 0.876373717403644 0.82068460564771
"31" 0.867703405215719 0.709314307477355 1 0.99808757694856 0.82068460564771
"32" 0.837040564805791 0.693554502700554 1 0.880292163936071 0.82068460564771
"33" 0.870502107431809 0.691388365608722 1 0.802028058160486 0.82068460564771
"34" 0.849226662965935 0.699103445618959 1 0.672305288182072 0.82068460564771
"35" 0.826252145731715 0.709468402578733 0.933012701892219 0.658596019088903 0.82068460564771
"36" 0.947213166432567 0.699010885660712 1 0.665995718590989 0.82068460564771
"37" 0.990409021994456 0.683980597244753 1 0.634972453922225 0.82068460564771
"38" 0.928751550717943 0.693585174225136 1 0.724662513455119 0.82068460564771
"39" 0.848624549302601 0.731872527359918 1 0.774107016936254 0.82068460564771
"40" 0.873669141434107 0.741784901812368 1 0.697748329510118 0.82068460564771
"41" 0.876312162111991 0.759234188363423 1 0.631313604718584 0.82068460564771
"42" 0.864922751627485 0.797269365246497 1 0.648449100709865 0.82068460564771
"43" 0.81486808461773 0.80083686891432 1 0.6108606592702 0.82068460564771
"44" 0.912539665586009 0.796446291498522 1 0.66379656105456 0.82068460564771
"45" 0.917196263080427 0.72298490373462 0.933012701892219 0.668420759598444 0.82068460564771
"46" 0.844074140491322 0.688356173289058 1 0.847257931124727 0.82068460564771
"47" 0.851422486168835 0.672116345849731 0.933012701892219 0.902981666882423 0.82068460564771
"48" 0.854483485234131 0.692587100093844 0.933012701892219 0.873979624321443 0.82068460564771
"49" 0.815470222449706 0.689188877494173 0.933012701892219 0.742624128396956 0.82068460564771
"50" 0.863725398284544 0.679688285603869 0.933012701892219 0.732722404156288 0.82068460564771
"51" 0.818261697210708 0.636806169385477 0.933012701892219 0.638276758417186 0.82068460564771
"52" 0.81052480795525 0.63146294957921 0.933012701892219 0.656927826212961 0.82068460564771
"53" 0.846685219135199 0.572517961636244 1 0.532417630441655 0.82068460564771
"54" 0.7244168117471 0.655235628218232 1 0.692790091184214 0.82068460564771
"55" 0.713959746488741 0.663120057396306 1 0.624765455947143 0.82068460564771
"56" 0.753747406431953 0.656356940551197 1 0.638146802850738 0.82068460564771
"57" 0.784881719375629 0.620699728212699 1 0.710054728508916 0.82068460564771
"58" 0.879546761484456 0.705969663324839 1 0.72149838202281 0.82068460564771
"59" 0.615448320130537 0.561356039549525 1 0.567630863619852 0.82068460564771
"60" 0.766478468244459 0.633764839083822 1 0.878909766155922 0.82068460564771
"61" 0.742005139257175 0.640706943862748 1 0.959892142605323 0.82068460564771
"62" 0.746643932451839 0.657400292851653 1 0.854062824423559 0.82068460564771
"63" 0.744313851108584 0.655515571019011 1 0.892105009548024 0.82068460564771
"64" 0.580460054472684 0.644594703679956 0.933012701892219 0.671919296689881 0.82068460564771
"65" 0.975036567292757 0.725780948792886 0.933012701892219 0.853581177818036 0.82068460564771
"66" 0.955540166466574 0.755679462327972 0.933012701892219 0.748649020529776 0.82068460564771
"67" 0.944034240227142 0.768259841065497 1 0.704707061955237 0.82068460564771
"68" 0.953430593161386 0.802570507014719 1 0.697151208692313 0.82068460564771
"69" 0.937181146476036 0.83690935111858 1 0.856295615853413 0.82068460564771
"70" 0.906275409748777 0.79629036673721 1 0.847934163603584 0.82068460564771
"71" 0.928166687407109 0.739164932280809 1 0.92592255012057 0.82068460564771
"72" 0.896476547514195 0.682437823061931 1 0.759393507011503 0.82068460564771
"73" 0.986254972949838 0.79368716137629 0.933012701892219 0.773845366011856 0.82068460564771
"74" 0.982904624685532 0.779073102853332 0.933012701892219 0.791117711175348 0.82068460564771
"75" 0.974737141379076 0.737874710330851 1 0.708537957269498 0.82068460564771
"76" 0.946553219010605 0.742444769596091 0.933012701892219 0.63305940877304 0.82068460564771
"77" 0.94067898188325 0.769688695639888 0.933012701892219 0.844952681861295 0.82068460564771
"78" 0.952528200730679 0.794384141465342 1 0.884282021479605 0.82068460564771
"79" 0.902856000784494 0.772957453076139 0.933012701892219 0.77362668988128 0.82068460564771
"80" 0.891915368582509 0.737569667959652 0.933012701892219 0.747041964807922 0.82068460564771
"81" 0.911927876251966 0.710680786173758 0.933012701892219 0.680146084532389 0.82068460564771
"82" 0.904674201219667 0.728905687702856 0.933012701892219 0.636462803869174 0.82068460564771
"83" 0.913625255006771 0.740214143307311 0.933012701892219 0.636250141734236 0.82068460564771
"84" 0.926986896527266 0.758982372575145 0.933012701892219 0.767594300542441 0.82068460564771
"85" 0.980251790364309 0.740286755138727 1 0.990159751703604 0.82068460564771
"86" 0.959861326639444 0.702291681995757 1 0.903667583329451 0.82068460564771
"87" 0.912168404909243 0.680883381521172 1 0.73831420359079 0.82068460564771
"88" 0.870987397459214 0.679238451548844 0.933012701892219 0.693753358710443 0.82068460564771
"89" 0.816934376383382 0.732955791017366 0.933012701892219 0.690616473203103 0.82068460564771
"90" 0.788909253731927 0.733956024344878 0.933012701892219 0.745999190585874 0.82068460564771
"91" 0.793488975371724 0.724610793727372 0.933012701892219 0.746910070080711 0.82068460564771
"92" 0.800475218186365 0.730932017339957 0.933012701892219 0.774915289094451 0.82068460564771
"93" 0.822907269206878 0.7443940059315 0.933012701892219 0.794753227923647 0.82068460564771
"94" 0.822776567251538 0.741851986646851 0.933012701892219 0.791863275597455 0.82068460564771
"95" 0.821086558698161 0.762226367107973 0.933012701892219 0.846966379342125 0.82068460564771
"96" 0.784629604077899 0.754996589360954 0.933012701892219 0.784560056972793 0.82068460564771
"97" 0.752452848367231 0.766956336890492 1 0.707767218737451 0.82068460564771
"98" 0.923647368659164 0.777097432902095 1 0.7042414188471 0.82068460564771
"99" 0.965581781797528 0.702329522981224 1 0.613438632327439 0.82068460564771
"100" 0.783072025145025 0.743809138840766 0.933012701892219 0.764876207266238 0.82068460564771
