"bias.score" "rmse.score" "phase.score" "iav.score" "dist.score"
"1" 0.282705593602575 0.54582957477555 0.5 0.920356270981769 0.428243023011503
"2" 0.377988354245486 0.468822649059935 0.75 0.519571092065226 0.428243023011503
"3" 0.369234711323176 0.46258263848773 0.5 0.503505623227962 0.428243023011503
"4" 0.519226669529943 0.513368697866639 0.75 0.443577452497678 0.428243023011503
"5" 0.529218296436446 0.481117213262708 0.933012701892219 0.466311515115916 0.428243023011503
"6" 0.673769714457752 0.494941699537548 1 0.418983868861787 0.428243023011503
"7" 0.595875906589495 0.459574381740165 1 0.377357491246001 0.428243023011503
"8" 0.652180471677645 0.594408643238907 1 0.428407240757725 0.428243023011503
"9" 0.755558343047567 0.594070017296728 0.933012701892219 0.566345047727791 0.428243023011503
"10" 0.619751367703687 0.550690253938594 0.933012701892219 0.440379329214758 0.428243023011503
"11" 0.644723609308531 0.539844209027045 0.933012701892219 0.401058243921944 0.428243023011503
"12" 0.540268231961979 0.501291323255899 0.933012701892219 0.46011074466028 0.428243023011503
"13" 0.474128295112651 0.460281583230497 0.933012701892219 0.489067737594987 0.428243023011503
"14" 0.51212106300071 0.457139686501048 0.933012701892219 0.370630741413849 0.428243023011503
"15" 0.535012915360103 0.461790976359118 1 0.473125728623373 0.428243023011503
"16" 0.975582166086101 0.504331209364513 1 0.513851898886338 0.428243023011503
"17" 0.999242213664549 0.559356999194831 0.75 0.304234113484773 0.428243023011503
"18" 0.833910463443552 0.601592774027082 0.933012701892219 0.76007103917371 0.428243023011503
"19" 0.745311428608765 0.62001992379836 1 0.876812392986111 0.428243023011503
"20" 0.371093126854902 0.442074155052876 0.933012701892219 0.666500441367334 0.428243023011503
"21" 0.252911505638867 0.366566933920817 0.75 0.532957249233592 0.428243023011503
"22" 0.162681683350308 0.403973445191924 0.933012701892219 0.696004490314504 0.428243023011503
"23" 0.94460354353613 0.507671702021287 0.933012701892219 0.8248170583896 0.428243023011503
"24" 0.895447146183429 0.677659789224815 1 0.60282013151335 0.428243023011503
"25" 0.559815975829696 0.502248605398134 1 0.570289043558825 0.428243023011503
"26" 0.604181191345597 0.48206743798347 0.75 0.68805551267545 0.428243023011503
"27" 0.505061053940328 0.46707848331802 0.933012701892219 0.765255974085677 0.428243023011503
"28" 0.533046411547815 0.459032441523133 0.933012701892219 0.548910808264853 0.428243023011503
"29" 0.527785598109486 0.446400818590685 0.933012701892219 0.611354639047639 0.428243023011503
"30" 0.499156413741474 0.448166943525587 0.933012701892219 0.463968786560388 0.428243023011503
"31" 0.496537784880311 0.467010372394576 1 0.386187117982154 0.428243023011503
"32" 0.478853531566885 0.454534163191089 1 0.442484064776697 0.428243023011503
"33" 0.542364091914604 0.462554919162668 1 0.621720640350875 0.428243023011503
"34" 0.479809118049832 0.456594811040276 0.933012701892219 0.623984766970455 0.428243023011503
"35" 0.452874151775283 0.479465608687844 0.933012701892219 0.6733096926115 0.428243023011503
"36" 0.701085703569855 0.494666605484983 0.933012701892219 0.974483982601286 0.428243023011503
"37" 0.732339755963077 0.486155252430354 1 0.941208162707621 0.428243023011503
"38" 0.663231197457782 0.476884594685872 1 0.962076171817412 0.428243023011503
"39" 0.587338768602693 0.493782225009985 0.933012701892219 0.661003220681193 0.428243023011503
"40" 0.605963510593954 0.499370722859378 0.933012701892219 0.862834169707277 0.428243023011503
"41" 0.639500562130612 0.523905298577836 0.933012701892219 0.684502233909128 0.428243023011503
"42" 0.625410476747006 0.542966252192417 0.933012701892219 0.798677096964988 0.428243023011503
"43" 0.533347107990356 0.539272042441726 1 0.910382310363443 0.428243023011503
"44" 0.755308453293576 0.524243300807717 1 0.773300279567292 0.428243023011503
"45" 0.932578244510543 0.59496035870743 0.933012701892219 0.844336657374586 0.428243023011503
"46" 0.88008303380314 0.563061035860514 1 0.827356654895044 0.428243023011503
"47" 0.893379261773634 0.543705251543064 0.75 0.897232411547711 0.428243023011503
"48" 0.955307147895371 0.518922807938917 0.75 0.809173259312108 0.428243023011503
"49" 0.659337691027916 0.462462438464578 0.25 0.982727579384764 0.428243023011503
"50" 0.721910001068136 0.458153904224536 0.25 0.941858643185845 0.428243023011503
"51" 0.763411317889015 0.45710071771295 0.25 0.834540916762844 0.428243023011503
"52" 0.828045769790947 0.48165017824425 0.25 0.969928048818888 0.428243023011503
"53" 0.867356877607394 0.560224467131235 0.5 0.409432946185258 0.428243023011503
"54" 0.753505313444091 0.534327637678152 0 0.775347703367339 0.428243023011503
"55" 0.742682826966546 0.53308463638072 0 0.752352149484781 0.428243023011503
"56" 0.986759330352697 0.812053773305149 0.933012701892219 0.38884446968569 0.428243023011503
"57" 0.661074099404881 0.487520708832791 0 0.621499948195083 0.428243023011503
"58" 0.710669037756516 0.545802762083817 1 0.887532257872941 0.428243023011503
"59" 0.318829198460055 0.371237663906272 0.5 0.591531236897924 0.428243023011503
"60" 0.502719682338861 0.486727730853682 0 0.516637781456927 0.428243023011503
"61" 0.596762408435881 0.476472002672088 0.5 0.537816106233652 0.428243023011503
"62" 0.648136008101618 0.492541614307091 1 0.69665570791708 0.428243023011503
"63" 0.685229468818506 0.507121321848296 0.25 0.341118823313616 0.428243023011503
"64" 0.233839848057026 0.469272741171236 0.75 0.807965380665019 0.428243023011503
"65" 0.382005895830916 0.373930567852881 0.75 0.987825991402417 0.428243023011503
"66" 0.918614874196077 0.546436980571591 0.5 0.747027306571588 0.428243023011503
"67" 0.721601807191546 0.531079115175719 0.75 0.502184401161682 0.428243023011503
"68" 0.646597533579455 0.523859808133123 1 0.506478949857648 0.428243023011503
"69" 0.903180291632727 0.581618211217396 1 0.60394019302822 0.428243023011503
"70" 0.842441357894304 0.568480760407057 1 0.610504240063262 0.428243023011503
"71" 0.755076699148017 0.560934931052131 1 0.548181363086753 0.428243023011503
"72" 0.654552472042949 0.542455748685193 0.933012701892219 0.539734137402435 0.428243023011503
"73" 0.758619298692334 0.510687457375162 1 0.668280232824919 0.428243023011503
"74" 0.892269204378127 0.487129234803875 0.933012701892219 0.818259723878348 0.428243023011503
"75" 0.82181333082302 0.516620106401016 0.933012701892219 0.802855729905553 0.428243023011503
"76" 0.712833552835109 0.485150639300518 0.933012701892219 0.945939336940959 0.428243023011503
"77" 0.67467894721593 0.475472296823748 0.933012701892219 0.515231059145141 0.428243023011503
"78" 0.680255371959182 0.504069503878077 0.933012701892219 0.540963141257913 0.428243023011503
"79" 0.641160222697428 0.471550761977643 0.933012701892219 0.720198203391702 0.428243023011503
"80" 0.709902711807867 0.524416678973525 0.933012701892219 0.659266728385519 0.428243023011503
"81" 0.727494269239966 0.478310896893105 0.933012701892219 0.983366674321588 0.428243023011503
"82" 0.731530434973154 0.507013906885626 0.933012701892219 0.983803182630708 0.428243023011503
"83" 0.638039521921268 0.491401440760655 0.933012701892219 0.510345417676125 0.428243023011503
"84" 0.568502626161927 0.46573797892921 0.933012701892219 0.260071032775447 0.428243023011503
"85" 0.537406419341472 0.478275416285601 0.933012701892219 0.255486080375693 0.428243023011503
"86" 0.714772668921481 0.571417441684048 0.933012701892219 0.735577683069085 0.428243023011503
"87" 0.65604845395344 0.532599113572499 1 0.887366028502783 0.428243023011503
"88" 0.488356237877188 0.471943914125172 0.933012701892219 0.884937522670299 0.428243023011503
"89" 0.496801359276949 0.511784058391783 0.933012701892219 0.641256486048333 0.428243023011503
"90" 0.685140309275532 0.564549869775208 0.5 0.923697645160297 0.428243023011503
"91" 0.414773077442691 0.453267252531242 1 0.774423414055794 0.428243023011503
"92" 0.373844184997786 0.404938825233904 1 0.995997974964078 0.428243023011503
"93" 0.455870627255631 0.458858137425546 1 0.990723938743608 0.428243023011503
"94" 0.379952916658217 0.408540499808001 1 0.893130432664103 0.428243023011503
"95" 0.772629540181463 0.599354970233524 0.5 0.782812861465755 0.428243023011503
"96" 0.737269629416588 0.57890075192319 0.75 0.762366774175223 0.428243023011503
"97" 0.735089195590984 0.606841001012014 0.5 0.786130215992063 0.428243023011503
"98" 0.895156871586791 0.536259547741814 1 0.831112791077896 0.428243023011503
"99" 0.898116247406898 0.598919876243445 0.75 0.734658831863072 0.428243023011503
"100" 0.753355920926716 0.618570296960095 0.75 0.724497918664125 0.428243023011503
