"bias.score" "rmse.score" "phase.score" "iav.score" "dist.score"
"1" 0.348028385834656 0.421027992084635 1 0.513162101559298 0.919502860521215
"2" 0.930934032821092 0.447157033221642 0.933012701892219 0.72537877893104 0.919502860521215
"3" 0.98237577939753 0.449977820251872 0.933012701892219 0.73053273813272 0.919502860521215
"4" 0.838791550174724 0.462105651460736 0.933012701892219 0.81909535705339 0.919502860521215
"5" 0.911335314000078 0.36157176086178 0 0.681673405102323 0.919502860521215
"6" 0.750484909305684 0.310987148471966 0 0.810641937515717 0.919502860521215
"7" 0.989198683747935 0.304648846940231 0.75 0.694647007243887 0.919502860521215
"8" 0.514829900256549 0.303192008151131 1 0.811390393978312 0.919502860521215
"9" 0.630090098482493 0.430694214627067 0.75 0.912742460920807 0.919502860521215
"10" 0.752469058599072 0.433586477514653 0.75 0.940322066625521 0.919502860521215
"11" 0.753246255089746 0.434910540603086 0.75 0.900437762755925 0.919502860521215
"12" 0.760076860555494 0.416773969995592 0.25 0.779874293397157 0.919502860521215
"13" 0.732434075329764 0.398050018989311 0.5 0.838416355173532 0.919502860521215
"14" 0.714735732014958 0.376479759177788 0.5 0.912300801129608 0.919502860521215
"15" 0.682470358009384 0.372831721579693 0.5 0.914955941314681 0.919502860521215
"16" 0.327994259300874 0.311294913993557 0.75 0.84067639757569 0.919502860521215
"17" 0.245186298010882 0.316644139850919 0.5 0.766945469514 0.919502860521215
"18" 0.392550973414401 0.308454526531074 0.0669872981077806 0.982556734107959 0.919502860521215
"19" 0.448893972527927 0.367045909433203 0.0669872981077806 0.939909901690701 0.919502860521215
"20" 0.8703661894558 0.259754439409726 0.25 0.686184031259921 0.919502860521215
"21" 0.657419834512993 0.272762882583434 0.5 0.689434341348256 0.919502860521215
"22" 0.936623794696658 0.382299017949727 0.933012701892219 0.65297447909724 0.919502860521215
"23" 0.775315310957902 0.280680484916594 0.75 0.831202763895352 0.919502860521215
"24" 0.551505930839568 0.286354733990326 0.933012701892219 0.641990514828569 0.919502860521215
"25" 0.436643671288642 0.355753879332877 0.5 0.80948004112733 0.919502860521215
"26" 0.331782397309621 0.196713925614558 1 0.805641530140465 0.919502860521215
"27" 0.553404276998907 0.386919639696205 1 0.713455876498268 0.919502860521215
"28" 0.62402883710568 0.410401129498587 1 0.646401872283281 0.919502860521215
"29" 0.716548966859212 0.423847827782941 1 0.610592355406711 0.919502860521215
"30" 0.758298297120143 0.436860386741977 1 0.603086703833238 0.919502860521215
"31" 0.941473342431279 0.453236937244645 1 0.623209121579622 0.919502860521215
"32" 0.939050756736272 0.458062286307384 1 0.593202631464943 0.919502860521215
"33" 0.895813928690795 0.447887358642145 0.933012701892219 0.651550743486283 0.919502860521215
"34" 0.933152654189206 0.460019327902578 0.933012701892219 0.640677972139723 0.919502860521215
"35" 0.833238667746932 0.465829575791541 0.933012701892219 0.735908983614464 0.919502860521215
"36" 0.904480395686628 0.447075783936394 0.933012701892219 0.876379994632434 0.919502860521215
"37" 0.972040711794237 0.420406397391736 0.933012701892219 0.889847758905863 0.919502860521215
"38" 0.862350831404048 0.436432061425909 1 0.845429748019661 0.919502860521215
"39" 0.732326305813906 0.469278454968873 1 0.828370942376746 0.919502860521215
"40" 0.70767569968933 0.481010428593727 0.933012701892219 0.825775769250423 0.919502860521215
"41" 0.668534806856379 0.47610123100411 0.75 0.858248674448384 0.919502860521215
"42" 0.652067886906481 0.495331303815269 0.75 0.955740156725133 0.919502860521215
"43" 0.626649119567489 0.490688368225461 0.75 0.883820531069654 0.919502860521215
"44" 0.582654669434924 0.420601923460717 0.933012701892219 0.747352489332251 0.919502860521215
"45" 0.289471028884966 0.239636897298149 0.0669872981077806 0.775002179208461 0.919502860521215
"46" 0.240998932150958 0.344006140034564 0.933012701892219 0.782805612297841 0.919502860521215
"47" 0.243920896164155 0.348468015943854 0.933012701892219 0.763954459068193 0.919502860521215
"48" 0.254402795115035 0.335392740326687 0.933012701892219 0.856230913618487 0.919502860521215
"49" 0.452033697606726 0.457161184051747 0.933012701892219 0.872994151373235 0.919502860521215
"50" 0.44607362854418 0.463533322124369 0.933012701892219 0.897319655812085 0.919502860521215
"51" 0.369055582617695 0.49107239303635 0.933012701892219 0.976950032871749 0.919502860521215
"52" 0.312617677233299 0.4967295503215 0.75 0.912669542409203 0.919502860521215
"53" 0.375355090363463 0.394825323071225 0.5 0.867362512206706 0.919502860521215
"54" 0.418444572172255 0.493489716076471 0.75 0.743027496518187 0.919502860521215
"55" 0.443675934189458 0.477943010198402 1 0.80453944169454 0.919502860521215
"56" 0.469502686332121 0.436008982540452 1 0.8818748584477 0.919502860521215
"57" 0.469119477751048 0.425136439708659 1 0.878416476399128 0.919502860521215
"58" 0.794138741301733 0.393110710303369 0.933012701892219 0.911242049464429 0.919502860521215
"59" 0.919117607765848 0.294588701413122 0 0.816742230930431 0.919502860521215
"60" 0.993797308672886 0.380556255498385 0.5 0.7744886015547 0.919502860521215
"61" 0.951301127804397 0.348670374558188 0.933012701892219 0.845043957878772 0.919502860521215
"62" 0.844221259983595 0.385126906202392 0.933012701892219 0.78199295764656 0.919502860521215
"63" 0.813391937336897 0.421020882031488 1 0.753717348646844 0.919502860521215
"64" 0.740642337776473 0.312559948285097 0 0.96583338753907 0.919502860521215
"65" 0.778899722555169 0.300069095015841 0.0669872981077806 0.958569135021395 0.919502860521215
"66" 0.668863650499867 0.399909944852803 0.933012701892219 0.901565195528943 0.919502860521215
"67" 0.92224833922855 0.430227846436587 0.75 0.849014074328196 0.919502860521215
"68" 0.792155634589862 0.442235033241092 0.75 0.904035306913496 0.919502860521215
"69" 0.706853386540267 0.414961011224602 1 0.980000730362596 0.919502860521215
"70" 0.512374521846605 0.409654434560305 0.933012701892219 0.922059094502401 0.919502860521215
"71" 0.433651009228767 0.407301365851736 0.933012701892219 0.944410694324521 0.919502860521215
"72" 0.271533333775787 0.338579615063349 0.933012701892219 0.970541960566891 0.919502860521215
"73" 0.583309747096628 0.216291257161222 0.0669872981077806 0.975007478484479 0.919502860521215
"74" 0.323108710092081 0.169033333052435 0.0669872981077806 0.837761778487049 0.919502860521215
"75" 0.482807911021214 0.321660284728564 0.75 0.984716187232051 0.919502860521215
"76" 0.437222039153946 0.15230784303477 0.0669872981077806 0.804544741136338 0.919502860521215
"77" 0.545584339383387 0.379512791044056 0.75 0.903518549279163 0.919502860521215
"78" 0.743837570415794 0.387961762773319 0.933012701892219 0.974947008983838 0.919502860521215
"79" 0.747812149394067 0.440692074598857 0.933012701892219 0.792953950480097 0.919502860521215
"80" 0.737148258676106 0.494363220428129 0.933012701892219 0.759792718760015 0.919502860521215
"81" 0.680218896185815 0.474635775317408 0.933012701892219 0.681688973201009 0.919502860521215
"82" 0.652791451021546 0.473891917097409 0.933012701892219 0.677360284030508 0.919502860521215
"83" 0.730511340397905 0.517395169097168 0.933012701892219 0.6634436446898 0.919502860521215
"84" 0.841864095615151 0.495182544239141 0.933012701892219 0.751003560636861 0.919502860521215
"85" 0.809215167856551 0.494938433142712 0.75 0.810194286153802 0.919502860521215
"86" 0.70021979145898 0.443021865507488 0.933012701892219 0.860841116673583 0.919502860521215
"87" 0.693110396536029 0.39639833289959 1 0.867763955026726 0.919502860521215
"88" 0.695315624315704 0.359775486794985 0.933012701892219 0.809457228197285 0.919502860521215
"89" 0.937864651861205 0.427336578898186 0.933012701892219 0.763299400214934 0.919502860521215
"90" 0.921845369506941 0.457841791431518 0.933012701892219 0.796077381886008 0.919502860521215
"91" 0.896166256742952 0.474558252962504 1 0.84312422174124 0.919502860521215
"92" 0.896444180627045 0.478236862925863 0.75 0.863135520306276 0.919502860521215
"93" 0.944589815746047 0.483868291606953 0.75 0.782076066617255 0.919502860521215
"94" 0.950103459147206 0.481531556356647 0.75 0.793910055691756 0.919502860521215
"95" 0.784071791699425 0.48020717208232 0.75 0.872034791137686 0.919502860521215
"96" 0.715080277398954 0.461391553279464 1 0.846377697986157 0.919502860521215
"97" 0.743698432846573 0.508481659624632 1 0.812684777019695 0.919502860521215
"98" 0.772280051400107 0.43687792477354 0.933012701892219 0.971255779681008 0.919502860521215
"99" 0.741155156113461 0.237803686570921 0.25 0.769102058271247 0.919502860521215
"100" 0.821013383974087 0.473519164957446 0.75 0.938705138795019 0.919502860521215
