"bias.score" "rmse.score" "phase.score" "iav.score" "dist.score"
"1" 0.834129761998855 0.576291704382109 0.75 0.331136570480514 0.790441682263694
"2" 0.175155019631142 0.457661858624876 0.933012701892219 0.472792357552878 0.790441682263694
"3" 0.255481553309944 0.49826407660628 0.933012701892219 0.538827477451515 0.790441682263694
"4" 0.17924625135358 0.428507897751192 0.933012701892219 0.427369676591284 0.790441682263694
"5" 0.085111543545745 0.350689381233331 0.75 0.391652343136741 0.790441682263694
"6" 0.842852456150297 0.366122879252047 0.0669872981077806 0.458329407194428 0.790441682263694
"7" 0.337108969281713 0.522527050400858 0.933012701892219 0.460830435689719 0.790441682263694
"8" 0.186792849411084 0.385266550336387 0.75 0.466821212129523 0.790441682263694
"9" 0.778512176628465 0.498112247467984 0.933012701892219 0.48903364462348 0.790441682263694
"10" 0.223614101463511 0.318765661352581 0.25 0.45282428858979 0.790441682263694
"11" 0.0833301796950758 0.396061316453127 1 0.730934357079567 0.790441682263694
"12" 0.314345499837816 0.54560997387606 0.933012701892219 0.53043086240154 0.790441682263694
"13" 0.0800936105247063 0.39029420603315 1 0.64709779382319 0.790441682263694
"14" 0.0191902002386688 0.0827255308459363 1 0.569604117869168 0.790441682263694
"15" 0.921991168126176 0.27991384122519 0.25 0.493429369322696 0.790441682263694
"16" 0.87656743009663 0.281368356394541 0.5 0.555973763965077 0.790441682263694
"17" 0.171468457985393 0.24755810074612 0.5 0.500718128250466 0.790441682263694
"18" NA NA NA NA 0.790441682263694
"19" 0.604285874932006 0.303844137800527 0.75 0.452537287214599 0.790441682263694
"20" 0.216998585541469 0.323282474758939 1 0.858332736697267 0.790441682263694
"21" 0.27672383746217 0.175388440136754 0.75 0.943998035801909 0.790441682263694
"22" 0.158494821651408 0.1668759779125 0.5 0.627529729044695 0.790441682263694
"23" 0.360064745493905 0.560326579674232 1 0.708230977152684 0.790441682263694
"24" 0.810379667099778 0.588955073474288 1 0.678374185412478 0.790441682263694
"25" 0.865224392538171 0.590491287939075 1 0.661660907887901 0.790441682263694
"26" 0.63702749585422 0.614305939663181 1 0.854214836277077 0.790441682263694
"27" 0.212163773028801 0.215954209085711 0.75 0.92451658903094 0.790441682263694
"28" 0.164094506854808 0.335305468376118 0.933012701892219 0.830853833042213 0.790441682263694
"29" 0.812601025900614 0.438337972998272 0.933012701892219 0.614471786632114 0.790441682263694
"30" 0.109218845799431 0.525449229072728 0.933012701892219 0.870238609268944 0.790441682263694
"31" 0.155964450181737 0.291042936167725 0.75 0.793017729399473 0.790441682263694
"32" 0.436005356507813 0.305378954762164 0.75 0.71279377914657 0.790441682263694
"33" 0.558806840378524 0.489352264460614 1 0.573752629655979 0.790441682263694
"34" 0.0424814737172014 0.180917033369193 0.5 0.807593036860811 0.790441682263694
"35" 0.964654687728086 0.381900728785793 0.933012701892219 0.718550758199786 0.790441682263694
"36" 0.820865229623176 0.443224301598068 0.933012701892219 0.602408428070157 0.790441682263694
"37" 0.215058223592357 0.377591937968256 0.933012701892219 0.757561600018159 0.790441682263694
"38" 0.136289998267796 0.498551897720785 1 0.562166153338623 0.790441682263694
"39" 0.565622362275269 0.435351518031875 0.75 0.68711457900086 0.790441682263694
"40" 0.666663684588655 0.448587720175276 0.933012701892219 0.492615888422751 0.790441682263694
"41" 0.737836128281357 0.643152560220036 0.933012701892219 0.518884075787816 0.790441682263694
"42" 0.826467423575703 0.735036576610336 0.933012701892219 0.692642627070857 0.790441682263694
"43" 0.701790970417601 0.750210953876968 0.933012701892219 0.679650622563431 0.790441682263694
"44" 0.0869875191853079 0.226383868793724 1 0.794642276021778 0.790441682263694
"45" NA NA NA NA 0.790441682263694
"46" 0.33321659247813 0.370262981799788 0.75 0.478252575321654 0.790441682263694
"47" 0.794971541528332 0.525918874098616 0.933012701892219 0.638867091194966 0.790441682263694
"48" 0.641540670106189 0.488425239920961 0.933012701892219 0.456032174977122 0.790441682263694
"49" 0.85358888256199 0.558478211038654 0.933012701892219 0.44826705024222 0.790441682263694
"50" 0.618035967383457 0.662583780762075 1 0.538934812185327 0.790441682263694
"51" 0.458663270345518 0.436239916390475 0.75 0.486086645846497 0.790441682263694
"52" 0.822219056416469 0.571803746415605 1 0.579870649256545 0.790441682263694
"53" 0.548886325536658 0.421481532500261 0.933012701892219 0.449387541536923 0.790441682263694
"54" 0.67620342306075 0.575353311001129 1 0.527235831078648 0.790441682263694
"55" 0.663799716833378 0.690217540117127 0.933012701892219 0.539690081043242 0.790441682263694
"56" 0.151924271564089 0.375809621679298 0.933012701892219 0.677231381004144 0.790441682263694
"57" 0.314655242184253 0.375811362672196 0.933012701892219 0.643442891733093 0.790441682263694
"58" 0.0708607917746505 0.206912815073581 0.933012701892219 0.609528785116161 0.790441682263694
"59" 0.604696913551015 0.545776208350147 0.75 0.556065327931729 0.790441682263694
"60" 0.361695214021581 0.487297566600921 0.933012701892219 0.858103061186854 0.790441682263694
"61" 0.163322889505039 0.205932076094552 0.933012701892219 0.890098680877926 0.790441682263694
"62" 0.872673295797087 0.512667902137813 1 0.474414501463009 0.790441682263694
"63" 0.229576881728047 0.551017431289499 1 0.915397647407766 0.790441682263694
"64" 0.153751349301547 0.26933398718605 1 0.617661697859018 0.790441682263694
"65" 0.450097131588621 0.656965726220767 1 0.640164875778574 0.790441682263694
"66" 0.775022294746913 0.587366035045577 1 0.506209120602072 0.790441682263694
"67" 0.594267904166443 0.635040828237027 0.933012701892219 0.83008786315037 0.790441682263694
"68" 0.677224171556706 0.612776819536627 0.933012701892219 0.542446915712041 0.790441682263694
"69" 0.995078348847805 0.590630884627567 1 0.535290375668883 0.790441682263694
"70" 0.758627049730817 0.540048623114672 0.75 0.81844796216648 0.790441682263694
"71" 0.656616017989139 0.49306952322148 0.75 0.498494656749559 0.790441682263694
"72" 0.827977616699824 0.572857842405991 0.933012701892219 0.488706249498937 0.790441682263694
"73" 0.850252688885688 0.574305123512937 0.933012701892219 0.786650777564714 0.790441682263694
"74" 0.507044548868683 0.375054155211996 0.933012701892219 0.584412257636114 0.790441682263694
"75" 0.816940061850655 0.583814989489764 1 0.509051314279184 0.790441682263694
"76" NA NA NA NA 0.790441682263694
"77" 0.90156498202459 0.660626720328122 0.933012701892219 0.655292382872016 0.790441682263694
"78" 0.648425281743908 0.496980548329321 0.933012701892219 0.745699201429807 0.790441682263694
"79" 0.195111285633323 0.309137094543487 1 0.850553404275231 0.790441682263694
"80" 0.943900813893379 0.444591143890555 0.933012701892219 0.403912720197518 0.790441682263694
"81" 0.84807719582924 0.597527508346284 0.933012701892219 0.431632957511087 0.790441682263694
"82" 0.377071639836692 0.405923067741928 1 0.610282204095728 0.790441682263694
"83" 0.711873997155196 0.554977050429223 0.75 0.571782958602972 0.790441682263694
"84" 0.554694322490276 0.555019269468222 0.933012701892219 0.479087727533236 0.790441682263694
"85" 0.823139523557786 0.647826664576638 0.933012701892219 0.475868566409484 0.790441682263694
"86" 0.822495546866459 0.659985978601846 0.933012701892219 0.551764381113874 0.790441682263694
"87" 0.932079968378446 0.695939167227939 0.933012701892219 0.611924815190552 0.790441682263694
"88" 0.468505043842707 0.563630148971522 1 0.578297526161538 0.790441682263694
"89" 0.655197061230914 0.415872303567522 1 0.395920560446111 0.790441682263694
"90" 0.470951680674955 0.460074394643583 0.933012701892219 0.438462881203708 0.790441682263694
"91" 0.92772987960538 0.562258526670965 0.933012701892219 0.443835563933194 0.790441682263694
"92" 0.521941615966245 0.635835273567191 1 0.631418107522002 0.790441682263694
"93" 0.552857822250036 0.485212114010055 0.933012701892219 0.411029360708109 0.790441682263694
"94" 0.521753257148168 0.683911159536013 1 0.618714035673964 0.790441682263694
"95" 0.478776167420247 0.421163635779106 1 0.395436241552789 0.790441682263694
"96" 0.655571774624764 0.447478498043519 0.75 0.395795754854208 0.790441682263694
"97" 0.538615885231512 0.460383119693814 1 0.487102884225074 0.790441682263694
"98" 0.573747836565246 0.718552643016569 1 0.67662829840359 0.790441682263694
"99" NA NA NA NA 0.790441682263694
"100" 0.596458889222579 0.573222674929936 1 0.490983393519204 0.790441682263694
