"bias.score" "rmse.score" "phase.score" "iav.score" "dist.score"
"1" 0.0201010873743562 0.0306953763543411 0.75 1.01062043017093e-10 0.865885816795328
"2" 0.744847844474601 0.551775089570349 0.933012701892219 0.0660454573223694 0.865885816795328
"3" 0.691114817622177 0.546046556043897 0.933012701892219 0.134705507670951 0.865885816795328
"4" 0.793726049687521 0.603316571786283 0.933012701892219 0.00431031828676734 0.865885816795328
"5" 0.860243724406157 0.499030247252983 1 0.00886444217811187 0.865885816795328
"6" 0.555361187042675 0.4188449247846 1 2.44501716641356e-06 0.865885816795328
"7" 0.708117749279243 0.424266589504124 1 8.22267968434147e-05 0.865885816795328
"8" 0.938741427494392 0.592155594085658 1 0.0541184505469239 0.865885816795328
"9" 0.805512731896725 0.613624126677185 1 0.08527012776919 0.865885816795328
"10" 0.685764550977148 0.362318759190483 1 0.000266195764223741 0.865885816795328
"11" 0.946061142832094 0.583643240225282 1 0.0055863063729676 0.865885816795328
"12" 0.801155346423953 0.625544962036155 1 0.0788136399290116 0.865885816795328
"13" 0.999046332990476 0.621456058511275 1 0.0218585355340105 0.865885816795328
"14" 0.811139426817982 0.622836353879412 1 0.124102685993974 0.865885816795328
"15" 0.839361791847422 0.648335917106882 1 0.0584738715755421 0.865885816795328
"16" 9.35300501760959e-08 3.60883115790601e-05 0.25 4.18695887086515e-10 0.865885816795328
"17" 0.587740186375704 0.373589616756532 1 0.0001994051963648 0.865885816795328
"18" 0.445418488075242 0.200556157937394 0.5 1.74199598867952e-05 0.865885816795328
"19" 0.906494889026598 0.454873758538398 1 0.16358182267563 0.865885816795328
"20" 0.812540325375387 0.598173357493231 1 0.284258464674864 0.865885816795328
"21" 1.24513826534975e-12 1.13340803610315e-08 1 4.26035555014961e-71 0.865885816795328
"22" 2.16303337676184e-18 2.27253148229259e-19 1 7.53754557299937e-51 0.865885816795328
"23" 3.81846464141339e-05 0.0198928794054231 0 1.12526712090098e-11 0.865885816795328
"24" 7.02077204797859e-126 7.44452165432324e-16 0.75 6.41934736237406e-100 0.865885816795328
"25" 1.70929471811291e-12 1.61727096764379e-05 0.25 3.37317283161057e-12 0.865885816795328
"26" 0.541974128352926 0.389855447258176 1 0.00363580733759963 0.865885816795328
"27" 0.932017517877775 0.330644811597996 0.5 0.0995002065658928 0.865885816795328
"28" 0.810841293267087 0.634071245847407 1 0.122529486442313 0.865885816795328
"29" 0.761826756770139 0.479328966630197 1 0.00450269286842853 0.865885816795328
"30" 0.847455563814188 0.667988045422491 1 0.113774952462233 0.865885816795328
"31" 0.951479971251782 0.67407259056695 1 0.13028591999815 0.865885816795328
"32" 0.947251562318056 0.657849058750537 1 0.142032129143404 0.865885816795328
"33" 0.889727862261307 0.650168386749565 1 0.106644405976407 0.865885816795328
"34" 0.846594634845217 0.627024812857965 1 0.079395110906484 0.865885816795328
"35" 0.828896335405306 0.626939271805986 1 0.139770865780569 0.865885816795328
"36" 0.844034035390625 0.638230224459938 1 0.125821624126561 0.865885816795328
"37" 0.900265621350229 0.66594147703145 1 0.12079388684555 0.865885816795328
"38" 0.93977159693545 0.714163978726 1 0.225562209399431 0.865885816795328
"39" 0.906249563567375 0.662135274731548 1 0.0927766328586337 0.865885816795328
"40" 0.972504777202601 0.695556520567761 1 0.0776445409015533 0.865885816795328
"41" 0.980147271960826 0.715258687835389 1 0.0864018892588614 0.865885816795328
"42" 0.942406328857033 0.7053744620936 1 0.115474803348429 0.865885816795328
"43" 0.931875756713528 0.714622415779441 1 0.165428295397528 0.865885816795328
"44" 0.927659295594682 0.727425187728014 1 0.241492760423097 0.865885816795328
"45" 0.942872188461011 0.741047425264602 1 0.273962224866152 0.865885816795328
"46" 0.990509327279166 0.738270501869553 1 0.267418220865936 0.865885816795328
"47" 0.961177076524268 0.734284052724699 1 0.204847807098021 0.865885816795328
"48" 0.812219380528303 0.661050710023903 0.933012701892219 0.0943858131002007 0.865885816795328
"49" 0.933389716048515 0.540185441966551 1 0.127271456386646 0.865885816795328
"50" 0.990267183342278 0.524090852678735 1 0.250157335489406 0.865885816795328
"51" 0.573150439857447 0.500595512094288 1 0.0294268571179111 0.865885816795328
"52" 0.945862622711565 0.710644680792488 0.933012701892219 0.239406944361419 0.865885816795328
"53" 0.997888844143007 0.728971098989926 0.933012701892219 0.159272060297602 0.865885816795328
"54" 0.961567914314054 0.690122123971146 1 0.0843984360361499 0.865885816795328
"55" 0.915881108319525 0.67987375434097 1 0.0894981747567254 0.865885816795328
"56" 0.191327243572541 0.129238862704435 0.5 3.20759156803147e-06 0.865885816795328
"57" 0.905924655402173 0.618120946703023 1 0.0579709862483877 0.865885816795328
"58" 0.880933531334719 0.555555167654883 1 0.030482087434653 0.865885816795328
"59" 0.868494685651268 0.606917943804356 1 0.0374662189928236 0.865885816795328
"60" 0.738781344369132 0.497545922451214 1 0.0255590757539029 0.865885816795328
"61" 0.960126577919047 0.630286315210929 1 0.0383669497567978 0.865885816795328
"62" 0.51849378202837 0.267508346310943 0.75 0.00756866930280825 0.865885816795328
"63" 0.736585942062952 0.563957040455204 1 0.0545783960709942 0.865885816795328
"64" 0.938920850086942 0.492193138810339 0.933012701892219 0.00100855234886816 0.865885816795328
"65" 0.870136167473365 0.49423639705564 0.933012701892219 0.00580254864046849 0.865885816795328
"66" 0.968370310519173 0.509404549761256 1 0.00322653924512661 0.865885816795328
"67" 0.325290531211857 0.113644071908673 0.5 0.000116053385814329 0.865885816795328
"68" 0.37315634777316 0.530477876921102 0.933012701892219 0.0443162499687272 0.865885816795328
"69" 0.975684958940863 0.676111404835388 1 0.122586357009265 0.865885816795328
"70" 0.885515050396584 0.693187373313356 1 0.238398697048183 0.865885816795328
"71" 0.871016514602186 0.694252686021328 1 0.181149376700679 0.865885816795328
"72" 0.980116487605492 0.683186831645168 1 0.0712283015724775 0.865885816795328
"73" 0.879121111196646 0.684270598498672 1 0.161342330226422 0.865885816795328
"74" 0.903111370460784 0.584867899748332 1 0.3209624671096 0.865885816795328
"75" 0.805279406263474 0.481572714075864 1 0.27845990310645 0.865885816795328
"76" 0.719422801335134 0.480037503805134 0.933012701892219 0.196214816835054 0.865885816795328
"77" 0.919207688668874 0.482989865583758 0.933012701892219 0.41595433228395 0.865885816795328
"78" 0.982686985654011 0.578734116695394 0.933012701892219 0.309484600636005 0.865885816795328
"79" 0.820291107778926 0.660158029297868 1 0.380573227280441 0.865885816795328
"80" 0.863092986074969 0.623790883206074 1 0.410988556904277 0.865885816795328
"81" 0.970310785547272 0.727637876329316 1 0.185805947986323 0.865885816795328
"82" 0.969818330771639 0.720815752762967 1 0.133125703515645 0.865885816795328
"83" 0.992909568498507 0.711839930614899 1 0.109538740610707 0.865885816795328
"84" 0.942860021497151 0.689340534345572 1 0.130577059625833 0.865885816795328
"85" 0.966115921480618 0.711869513266297 1 0.120945856234209 0.865885816795328
"86" 0.998601996838137 0.692422704130611 1 0.135439394722469 0.865885816795328
"87" 0.97319838834258 0.65971410929093 1 0.147394277104462 0.865885816795328
"88" 0.967112689989865 0.559086474081993 1 0.0625754355952349 0.865885816795328
"89" 0.880619157056726 0.580798740678365 1 0.0445850115300784 0.865885816795328
"90" 0.954538607725658 0.563694030100938 1 0.0447639434174258 0.865885816795328
"91" 0.907181450955553 0.621294774190807 1 0.0886746658054271 0.865885816795328
"92" 0.96102469746342 0.662004024881765 1 0.277555274304764 0.865885816795328
"93" 0.977698946816299 0.654243967135546 1 0.240304539594189 0.865885816795328
"94" 0.996032381179019 0.656229448955526 1 0.196773495735505 0.865885816795328
"95" 0.963313237480699 0.658167643405692 1 0.206678945903646 0.865885816795328
"96" 0.961690556075002 0.669667070883418 1 0.189847242728316 0.865885816795328
"97" 0.996774818067447 0.657563704911598 1 0.186935800897863 0.865885816795328
"98" 0.969088941529335 0.68655624364932 1 0.208260852598076 0.865885816795328
"99" 0.978235120371799 0.672236834475335 1 0.148336171145668 0.865885816795328
"100" 0.947712885599412 0.673535562875939 1 0.146715519326089 0.865885816795328
