"bias.score" "rmse.score" "phase.score" "iav.score" "dist.score"
"1" 0.0139270296335395 0.368519234472511 0.5 0.367879441171442 0.0197714662893373
"2" 0.0533045980963364 0.368519224258676 0.75 0.367879441171442 0.0197714662893373
"3" 0.00892703026668719 0.368519238320147 0.5 0.367879441171442 0.0197714662893373
"4" 0.0138956230590062 0.36851922131894 0.933012701892219 0.367879441171442 0.0197714662893373
"5" 0.194346585097603 0.404698297549099 0.933012701892219 0.771609353197371 0.0197714662893373
"6" 0.300589973176411 0.407098098932685 0.933012701892219 0.749106418595027 0.0197714662893373
"7" 0.373910792354131 0.402512991468348 0.933012701892219 0.396642753808057 0.0197714662893373
"8" 0.580738681882748 0.343740895842747 0.933012701892219 0.124221704041976 0.0197714662893373
"9" 0.38125299006106 0.373078886530055 0.933012701892219 0.355007104840109 0.0197714662893373
"10" 0.0717017293930327 0.0811323000865121 0.933012701892219 0.0245883238423503 0.0197714662893373
"11" 0.194054100410155 0.253960562949389 0.933012701892219 0.0954238620402417 0.0197714662893373
"12" 0.538116119416995 0.388420529705209 0.933012701892219 0.544835155217519 0.0197714662893373
"13" 0.542206532888743 0.328651430867473 0.933012701892219 0.262259379212263 0.0197714662893373
"14" 0.495405703441578 0.373881194197882 0.933012701892219 0.431996042724911 0.0197714662893373
"15" 0.563575939814252 0.368562266962089 0.933012701892219 0.396370842438043 0.0197714662893373
"16" 0.751764178496931 0.383486803523452 0.933012701892219 0.522758690041323 0.0197714662893373
"17" 0.861508827856763 0.381068817558982 0.933012701892219 0.350635539961814 0.0197714662893373
"18" 0.171204472093156 0.393854136351727 0.933012701892219 0.785854606806995 0.0197714662893373
"19" 0.0274234711692981 0.389828219981152 0.933012701892219 0.88215765841938 0.0197714662893373
"20" 0.028855738420708 0.368519223174115 1 0.367879441171442 0.0197714662893373
"21" 0.0663608726175201 0.368519221764931 1 0.367879441171442 0.0197714662893373
"22" 0.720480231935117 0.000692648818612216 1 7.16535376392223e-05 0.0197714662893373
"23" 0.704767177548873 0.436676514529317 0.933012701892219 0.486550959523097 0.0197714662893373
"24" 0.687455804840367 0.431796406341607 0.933012701892219 0.766399413630878 0.0197714662893373
"25" 0.392143022814637 0.421458255774279 0.933012701892219 0.492011060170492 0.0197714662893373
"26" 0.635578276450495 0.301915919131146 0.933012701892219 0.0865978479787549 0.0197714662893373
"27" 0.651209052203237 0.38228477475137 0.933012701892219 0.280727810508904 0.0197714662893373
"28" 0.619055558401637 0.290892001112354 0.933012701892219 0.178416390357484 0.0197714662893373
"29" 0.556591107335441 0.280640357396057 0.933012701892219 0.195357206422093 0.0197714662893373
"30" 0.592111166302401 0.30550229206965 0.933012701892219 0.228133142488187 0.0197714662893373
"31" 0.647105601821188 0.286250982711019 0.933012701892219 0.240978981812267 0.0197714662893373
"32" 0.85016362130505 0.358940399948699 0.933012701892219 0.410905838678447 0.0197714662893373
"33" 0.806609321936599 0.311469973670801 0.933012701892219 0.262717629548936 0.0197714662893373
"34" 0.788197942037921 0.282803580928996 0.933012701892219 0.222481716529496 0.0197714662893373
"35" 0.6644086315571 0.283858471879588 0.933012701892219 0.338093390481327 0.0197714662893373
"36" 0.194330658786102 0.0690326085701644 0.933012701892219 0.0776302553790617 0.0197714662893373
"37" 0.208390555395216 0.245381931785518 0.933012701892219 0.183882620018598 0.0197714662893373
"38" 0.334971654380339 0.17567954158555 0.933012701892219 0.078260105123613 0.0197714662893373
"39" 0.464208651508903 0.189020037603116 0.933012701892219 0.060802032919949 0.0197714662893373
"40" 0.624842833380078 0.252024290228791 0.933012701892219 0.180314826673213 0.0197714662893373
"41" 0.687380154674501 0.264756140132919 0.933012701892219 0.234990628323679 0.0197714662893373
"42" 0.65323188686006 0.251923427624538 0.933012701892219 0.188104053546507 0.0197714662893373
"43" 0.174568611075707 0.0987468501692962 0.933012701892219 0.0659310729765501 0.0197714662893373
"44" 0.258848851544053 0.170065338068414 0.933012701892219 0.120182038554709 0.0197714662893373
"45" 0.457622673174622 0.114660748375472 0.933012701892219 0.0919209993603109 0.0197714662893373
"46" 0.411660008951923 0.0545078001492949 0.933012701892219 0.00351354216327864 0.0197714662893373
"47" 0.527472452999736 0.0712933410981741 0.933012701892219 0.0216276915103419 0.0197714662893373
"48" 0.498523859214074 0.00356190249522815 0.933012701892219 7.5325445393258e-05 0.0197714662893373
"49" 0.764463957888501 0.250132931780491 0.933012701892219 0.42755246754447 0.0197714662893373
"50" 0.99625518821867 0.215090769399488 0.933012701892219 0.220114370654353 0.0197714662893373
"51" 0.621912281898123 0.239011666072362 0.933012701892219 0.0935186686384329 0.0197714662893373
"52" 0.492604723736422 0.142765976292758 0.933012701892219 0.0211176597458427 0.0197714662893373
"53" 0.0194238553379603 0.115546723123269 0.933012701892219 0.0167735648120305 0.0197714662893373
"54" 0.00800361306575822 0.296300535296384 0.0669872981077806 0.438408930590823 0.0197714662893373
"55" 0.00719774724307571 0.294522388903706 0 0.495707448897268 0.0197714662893373
"56" 0.0155878288875928 0.316147467803905 0.0669872981077806 0.576429994966391 0.0197714662893373
"57" 0.0303929092084265 0.329998304362912 0.933012701892219 0.630218565953065 0.0197714662893373
"58" 0.0164831036459552 0.38911617770417 0.5 0.7750982612759 0.0197714662893373
"59" 0.00535394560989265 0.368519243231262 0.75 0.367879441171442 0.0197714662893373
"60" 0.00916389358211337 0.392669338651761 0.933012701892219 0.489038971296086 0.0197714662893373
"61" 0.00591369937793227 0.392740892245666 0.5 0.551025926561291 0.0197714662893373
"62" 0.0321061011943127 0.410744976607435 1 0.549102720468282 0.0197714662893373
"63" 0.010107212092382 0.380009373071616 0.25 0.504951439925009 0.0197714662893373
"64" 0.012413954141483 0.368519238581749 0 0.367879441171442 0.0197714662893373
"65" 0.94577016341325 0.496982892207653 1 0.266941223012729 0.0197714662893373
"66" 0.908298503273357 0.450436047222486 1 0.320510314065235 0.0197714662893373
"67" 0.99643251029084 0.496219930880672 1 0.454678397192519 0.0197714662893373
"68" 0.920344870107089 0.370100805557245 0.933012701892219 0.336825471668585 0.0197714662893373
"69" 0.816731768791749 0.180373037758709 0.933012701892219 0.138358188728095 0.0197714662893373
"70" 0.939334302380912 0.290559054261107 0.933012701892219 0.406571674474877 0.0197714662893373
"71" 0.855210710392559 0.303460691476915 1 0.279314109429858 0.0197714662893373
"72" 0.695883445750706 0.219887390968571 1 0.246324529142961 0.0197714662893373
"73" 0.657041505928642 0.28176881341526 0.933012701892219 0.116451363338021 0.0197714662893373
"74" 0.989072687703088 0.432883861539472 0.933012701892219 0.278825364730923 0.0197714662893373
"75" 0.920657848873933 0.398021919156145 0.933012701892219 0.230095883052846 0.0197714662893373
"76" 0.984555824857515 0.40205280709401 0.933012701892219 0.269664882746056 0.0197714662893373
"77" 0.943460576593878 0.432789609674002 0.933012701892219 0.370527102899241 0.0197714662893373
"78" 0.855113823723249 0.329603057548935 0.933012701892219 0.125790093727383 0.0197714662893373
"79" 0.531766826421345 0.217987238711782 0.933012701892219 0.124817964322104 0.0197714662893373
"80" 0.633102798241943 0.217144751911105 0.933012701892219 0.0698426584128185 0.0197714662893373
"81" 0.773526707502082 0.247790796225791 0.933012701892219 0.137138815324928 0.0197714662893373
"82" 0.821452266556026 0.23258468784803 0.933012701892219 0.103836068508181 0.0197714662893373
"83" 0.866947388072428 0.243635097556482 0.933012701892219 0.120788736900059 0.0197714662893373
"84" 0.860457481938379 0.322261218111739 0.933012701892219 0.1716427777418 0.0197714662893373
"85" 0.652676322081845 0.242373091439881 0.933012701892219 0.106777887207087 0.0197714662893373
"86" 0.604103555060689 0.302056296511209 0.933012701892219 0.442901696920132 0.0197714662893373
"87" 0.0609360743805797 0.137097915413359 0.933012701892219 0.234642672059287 0.0197714662893373
"88" 0.326840827153217 0.285101936489094 0.933012701892219 0.348665308757611 0.0197714662893373
"89" 0.87375917820241 0.348529431315415 0.933012701892219 0.403360818018693 0.0197714662893373
"90" 0.795366484534436 0.400277147110263 0.933012701892219 0.224449675666009 0.0197714662893373
"91" 0.833249359375753 0.401657388521682 0.933012701892219 0.152917616189318 0.0197714662893373
"92" 0.756494434007716 0.151870344643314 0.933012701892219 0.0575671286437395 0.0197714662893373
"93" 0.903852846382514 0.236582761226523 0.933012701892219 0.0708829717712111 0.0197714662893373
"94" 0.949275778538979 0.187473260219804 0.933012701892219 0.0344352520736385 0.0197714662893373
"95" 0.71191950828918 0.314830938693797 0.933012701892219 0.184124346281797 0.0197714662893373
"96" 0.751546469037094 0.286470193961706 0.933012701892219 0.0704455467271641 0.0197714662893373
"97" 0.659374427446811 0.324424468578333 0.75 0.124765801395381 0.0197714662893373
"98" 0.961393112738292 0.291839683144277 0.933012701892219 0.234966816094447 0.0197714662893373
"99" 0.269383748965466 0.0926919242471904 0.933012701892219 0.129637189335547 0.0197714662893373
"100" 0.796628815213203 0.238897393929962 0.933012701892219 0.193792891819088 0.0197714662893373
