"bias.score" "rmse.score" "phase.score" "iav.score" "dist.score"
"1" 0.792204032057779 0.140626570556894 0.0669872981077806 5.58432146081444e-15 0.66210376196307
"2" 0.346922205203733 0.561384399698443 1 0.00022547672292553 0.66210376196307
"3" 0.293573395530875 0.611232221638652 1 0.000194531925677539 0.66210376196307
"4" 0.149338817690972 0.630090524919936 1 2.97176976123898e-09 0.66210376196307
"5" 0.593827441683653 0.446726593668465 0.933012701892219 0.0333145750400668 0.66210376196307
"6" 0.841401527093894 0.322251873502549 0.933012701892219 3.55841886293165e-05 0.66210376196307
"7" 0.896198913551273 0.319104984439539 0.25 0.0016452792225601 0.66210376196307
"8" 0.738234545781789 0.487344283274346 0.933012701892219 0.00138464171411239 0.66210376196307
"9" 0.573651880901991 0.533723755749099 0.933012701892219 0.024556552436127 0.66210376196307
"10" 0.438916198223828 0.489667927635257 0.75 0.000122473427166514 0.66210376196307
"11" 0.52221576757358 0.562231942277177 0.75 0.00382359680991045 0.66210376196307
"12" 0.586937185281476 0.546711723088958 0.75 0.0570312030038845 0.66210376196307
"13" 0.570960555848618 0.557469476114628 0.933012701892219 0.0171932311290336 0.66210376196307
"14" 0.612690102656719 0.551529660036756 0.933012701892219 0.123508518231131 0.66210376196307
"15" 0.623696308526671 0.583388111962998 0.933012701892219 0.0618249619519828 0.66210376196307
"16" 0.711966678308388 0.239746451044815 0.25 5.630411057792e-06 0.66210376196307
"17" 0.879038417026545 0.155284350278885 0.25 2.18241052969571e-06 0.66210376196307
"18" 0.761250290134146 0.399770692827132 0.933012701892219 0.00200537959322907 0.66210376196307
"19" 0.630523620245795 0.490044931603197 0.933012701892219 0.0480254741571736 0.66210376196307
"20" 0.741635064497009 0.000170352693536402 0.933012701892219 1.26137775853137e-161 0.66210376196307
"21" 2.65394596695474e-06 1.77384080961922e-08 0.933012701892219 2.22488806043307e-130 0.66210376196307
"22" 0.00358782874424815 0.0132524759642216 0.0669872981077806 1.51963582636789e-21 0.66210376196307
"23" 0.98913918032726 0.278644061974674 0 2.21243545419477e-07 0.66210376196307
"24" 0.973340259810901 0.225945791977878 0.0669872981077806 9.61192760595273e-05 0.66210376196307
"25" 0.663450999125889 0.529805666798627 0.933012701892219 0.0277179871490351 0.66210376196307
"26" 0.684992201758851 0.392594332859058 0.933012701892219 0.000179692369091041 0.66210376196307
"27" 0.633021469049433 0.557373511630643 0.933012701892219 0.0427771439859571 0.66210376196307
"28" 0.610675497162576 0.568431206023899 0.933012701892219 0.0305072340585168 0.66210376196307
"29" 0.59390248790571 0.544642216625183 0.933012701892219 0.135958732828215 0.66210376196307
"30" 0.592612999119153 0.550363720178849 0.933012701892219 0.120127783540046 0.66210376196307
"31" 0.574727362786205 0.546696285358593 0.933012701892219 0.0513158621527535 0.66210376196307
"32" 0.596922848401295 0.568216752583746 0.933012701892219 0.0731400272488505 0.66210376196307
"33" 0.638362696342722 0.617625300205543 0.933012701892219 0.0817035120960189 0.66210376196307
"34" 0.652067627768856 0.618227099454787 0.933012701892219 0.0535105466101441 0.66210376196307
"35" 0.651951488596982 0.599758773776011 0.933012701892219 0.155072190255969 0.66210376196307
"36" 0.667526979326864 0.639541466520708 0.933012701892219 0.0549400118611149 0.66210376196307
"37" 0.611825571183242 0.559822360736934 0.933012701892219 0.0569301040569684 0.66210376196307
"38" 0.625462152908411 0.564105395110893 0.933012701892219 0.0454162290519231 0.66210376196307
"39" 0.679586472105956 0.611010450566294 0.933012701892219 0.0418260507535882 0.66210376196307
"40" 0.70998484110977 0.61274756807694 0.933012701892219 0.0768237393308135 0.66210376196307
"41" 0.732209158112656 0.632175928706229 0.933012701892219 0.0538665989240936 0.66210376196307
"42" 0.73818941678716 0.643943280533286 0.933012701892219 0.104039977530109 0.66210376196307
"43" 0.720919622028462 0.61429550827992 0.933012701892219 0.219934072917107 0.66210376196307
"44" 0.710879889034733 0.616470936301324 0.933012701892219 0.105529497433346 0.66210376196307
"45" 0.892243434376989 0.484836657179029 0.933012701892219 0.0110049313475019 0.66210376196307
"46" 0.883562383996649 0.39674622546321 0.933012701892219 0.00631534693026804 0.66210376196307
"47" 0.858388140078114 0.404990772545574 0.25 0.00927619412607304 0.66210376196307
"48" 0.993197083526822 0.35583719608409 0.25 5.94942715881429e-05 0.66210376196307
"49" 0.776398932531895 0.586036337334884 0.933012701892219 0.0119020284685779 0.66210376196307
"50" 0.805798946696134 0.621635754753527 0.933012701892219 0.000130267964131685 0.66210376196307
"51" 0.793065104601428 0.612874958163476 0.933012701892219 0.0217183809409493 0.66210376196307
"52" 0.786260279899573 0.563684537762218 0.933012701892219 0.00389307251537116 0.66210376196307
"53" 0.744973177688121 0.15233528733101 0.25 4.93326233492182e-13 0.66210376196307
"54" 0.65625690492791 0.514287037312586 0.933012701892219 0.0249436472657018 0.66210376196307
"55" 0.643656424726688 0.553533657061174 0.933012701892219 0.0122586315607299 0.66210376196307
"56" 0.655823938067764 0.557415007969121 0.933012701892219 0.0114672636075294 0.66210376196307
"57" 0.687073855830292 0.595770392328545 0.933012701892219 0.00069548643767702 0.66210376196307
"58" 0.644652419065712 0.552364993869937 0.933012701892219 0.00197326329397168 0.66210376196307
"59" 0.391608399380739 0.405012619133861 0.933012701892219 0.00154855710040767 0.66210376196307
"60" 0.608329627031098 0.514750828409676 0.933012701892219 0.0652000834844739 0.66210376196307
"61" 0.698219900337341 0.491584546347043 0.75 0.00375102323342056 0.66210376196307
"62" 0.696106796133926 0.465940402466264 0.75 0.0164556152918941 0.66210376196307
"63" 0.557950024098902 0.541099868339049 0.933012701892219 0.00360236036126481 0.66210376196307
"64" 0.292596341819146 0.259087071249133 0.25 1.67692330169328e-07 0.66210376196307
"65" 0.643722420261108 0.472162340311524 1 0.0337861786063202 0.66210376196307
"66" 0.690193134752647 0.761986110670442 1 0.014576832023742 0.66210376196307
"67" 0.693991612887503 0.779989610307482 1 0.0489546942326443 0.66210376196307
"68" 0.669027408182427 0.762712137370036 1 0.0657206867439994 0.66210376196307
"69" 0.682276485374381 0.733468595886871 1 0.0433001938038381 0.66210376196307
"70" 0.816017686238955 0.6978070200995 1 0.0487069398731295 0.66210376196307
"71" 0.945463925921524 0.62870530658356 1 0.0167774343379243 0.66210376196307
"72" 0.762050731989146 0.459051098784749 1 0.00130343186778789 0.66210376196307
"73" 0.775794722069647 0.369858282839642 0.933012701892219 0.00141011976370293 0.66210376196307
"74" 0.853231757391371 0.410813950874631 0.933012701892219 0.00284962710006162 0.66210376196307
"75" 0.945688580947749 0.520059648774928 0.933012701892219 0.00116117223405594 0.66210376196307
"76" 0.780514061485161 0.609394256061309 0.933012701892219 0.0284446662904035 0.66210376196307
"77" 0.837413078348998 0.536639914569541 0.933012701892219 0.0560606678516958 0.66210376196307
"78" 0.857479114626837 0.552271455609972 0.933012701892219 0.0260832582166829 0.66210376196307
"79" 0.690246742996395 0.621661965916953 0.933012701892219 0.00216585841606479 0.66210376196307
"80" 0.680000602279378 0.619958937582902 0.933012701892219 0.00859790270486361 0.66210376196307
"81" 0.690780189919692 0.655019346290824 1 0.0538320259032825 0.66210376196307
"82" 0.687885787966063 0.625057230006721 0.933012701892219 0.0200678145132532 0.66210376196307
"83" 0.673914871711088 0.620677707286945 0.933012701892219 0.201953225060088 0.66210376196307
"84" 0.701445567032474 0.622053857057673 0.933012701892219 0.116343825331309 0.66210376196307
"85" 0.648572579066297 0.595456900747532 0.933012701892219 0.0645163929658255 0.66210376196307
"86" 0.568110930386402 0.548683837951717 0.75 0.062593025264256 0.66210376196307
"87" 0.547143100054603 0.538936669773661 0.75 0.114898075082976 0.66210376196307
"88" 0.585329241689136 0.567164193233673 0.933012701892219 0.0856781731592178 0.66210376196307
"89" 0.583357806551728 0.608555036179854 0.933012701892219 0.293931354180108 0.66210376196307
"90" 0.588330208191405 0.62029511887221 0.933012701892219 0.442650661303739 0.66210376196307
"91" 0.603946290700212 0.615915878821948 0.933012701892219 0.409852487831504 0.66210376196307
"92" 0.73475231368025 0.658104512510147 0.933012701892219 0.0566625930139576 0.66210376196307
"93" 0.671335197136389 0.654221447718151 0.933012701892219 0.158934454529574 0.66210376196307
"94" 0.735192845856345 0.671971374142009 0.933012701892219 0.0850669140108421 0.66210376196307
"95" 0.619489798758718 0.661597300374467 1 0.214576877057506 0.66210376196307
"96" 0.560397320443974 0.658208953414552 1 0.378649778597027 0.66210376196307
"97" 0.662907447609495 0.692794468758276 0.933012701892219 0.252622107802625 0.66210376196307
"98" 0.707472760101889 0.639494853977956 1 0.118183379237161 0.66210376196307
"99" 0.629584114908989 0.550123811559416 0.933012701892219 0.144490876702817 0.66210376196307
"100" 0.671403614934019 0.633557962126378 0.933012701892219 0.23029724453822 0.66210376196307
