"bias.score" "rmse.score" "phase.score" "iav.score" "dist.score"
"1" 0.439600227150145 0.312736982021885 1 0.62341831932425 0.0489290536089445
"2" 0.532267280945298 0.353598686540308 0.933012701892219 0.717743454986661 0.0489290536089445
"3" 0.839330609397964 0.445870376631036 0.933012701892219 0.830739037241894 0.0489290536089445
"4" 0.492858686079299 0.296295490382474 0.25 0.470857594935145 0.0489290536089445
"5" 0.387261160804816 0.268413850329388 0.25 0.44942478939995 0.0489290536089445
"6" 0.423488822570928 0.383448117099327 0.933012701892219 0.55674551763484 0.0489290536089445
"7" 0.437596626092889 0.242416558964216 1 0.351942909482205 0.0489290536089445
"8" 0.152468300944317 0.319802866785904 0.933012701892219 0.731320258085891 0.0489290536089445
"9" 0.676847840361284 0.31459551979075 0.0669872981077806 0.520395905557737 0.0489290536089445
"10" 0.529712159441036 0.341004157215419 0.5 0.533359382370407 0.0489290536089445
"11" 0.733351674935448 0.325843879753689 0.5 0.449786129831817 0.0489290536089445
"12" 0.651351516255234 0.21806095474215 0.933012701892219 0.761436383840506 0.0489290536089445
"13" 0.470632488313376 0.549132201979904 0.933012701892219 0.578468057463972 0.0489290536089445
"14" 0.52822732978827 0.201945779031536 0.75 0.615261011676409 0.0489290536089445
"15" 0.838323925256262 0.256120781880941 0.5 0.70943363375411 0.0489290536089445
"16" 0.606717575508766 0.317710645934296 0.75 0.76400488280739 0.0489290536089445
"17" 0.798645200304296 0.180138635046667 0.25 0.994773156248328 0.0489290536089445
"18" NA NA NA NA 0.0489290536089445
"19" 0.279624265364594 0.469127704701137 1 0.501424226089689 0.0489290536089445
"20" 0.70412769301315 0.590523219556459 1 0.648532044709547 0.0489290536089445
"21" 0.420613401018986 0.214567138680501 0.75 0.804802037227116 0.0489290536089445
"22" 0.657460634177319 0.0623937115889537 0.5 0.971246558401657 0.0489290536089445
"23" 0.720050530280886 0.42419289210788 1 0.603838949404767 0.0489290536089445
"24" 0.854147487126686 0.407842497541707 0.933012701892219 0.607820014659325 0.0489290536089445
"25" 0.774746343255292 0.450789758632996 1 0.669366770137325 0.0489290536089445
"26" 0.822842983938841 0.410898794700067 0.933012701892219 0.629128935278012 0.0489290536089445
"27" 0.152735724256754 0.0757715899192122 0.933012701892219 0.341366067965912 0.0489290536089445
"28" 0.528695527706039 0.576309881964723 0.933012701892219 0.669543281480881 0.0489290536089445
"29" 0.873895174119682 0.125833668275554 0.75 0.763165514852336 0.0489290536089445
"30" 0.574571117218695 0.0811063718560625 0.933012701892219 0.764675216904039 0.0489290536089445
"31" 0.587696390583968 0.534447334491314 1 0.913566121378531 0.0489290536089445
"32" 0.80679313662912 0.405627378030114 0.933012701892219 0.993710090087455 0.0489290536089445
"33" 0.89164572531933 0.638920827335833 1 0.669542157730574 0.0489290536089445
"34" 0.466849794690822 0.0818472757505467 0.5 0.842136941944119 0.0489290536089445
"35" 0.386395743816576 0.238170865122932 0.75 0.907639217882833 0.0489290536089445
"36" 0.601808321475286 0.137269915842849 0.5 0.943309914256781 0.0489290536089445
"37" 0.743345323214264 0.652237041192712 1 0.654587277008071 0.0489290536089445
"38" 0.106626292100368 0.320381632301727 0.75 0.491810275123429 0.0489290536089445
"39" 0.590471803223416 0.498783225796434 0.75 0.885028806385951 0.0489290536089445
"40" 0.626048504734471 0.280945446839553 0.933012701892219 0.828825527233195 0.0489290536089445
"41" 0.641238220423023 0.416485427469573 0.75 0.504587889576553 0.0489290536089445
"42" 0.628093201020031 0.239343838351683 0.75 0.99628368724253 0.0489290536089445
"43" 0.669163939432171 0.200440837822932 0.75 0.920693033295956 0.0489290536089445
"44" 0.976951053005074 0.0451430234443827 1 0.582472038333718 0.0489290536089445
"45" NA NA NA NA 0.0489290536089445
"46" 0.48670520990126 0.470340539193056 0.75 0.570048004700424 0.0489290536089445
"47" 0.753976770448803 0.16933696930883 0.75 0.866634209394702 0.0489290536089445
"48" 0.716606112176699 0.167956295525861 0.75 0.904526933452757 0.0489290536089445
"49" 0.942305252049845 0.56035516413599 1 0.506432138410489 0.0489290536089445
"50" 0.769682325210382 0.277407346577742 0.933012701892219 0.531276607769007 0.0489290536089445
"51" 0.207353545552021 0.413564489501663 0.5 0.538789113049577 0.0489290536089445
"52" 0.909694016051055 0.301304903912097 0.75 0.565693358935198 0.0489290536089445
"53" 0.931165395541061 0.46484899650914 1 0.938389716406653 0.0489290536089445
"54" 0.598698131437202 0.379076840849655 0.75 0.486151332277286 0.0489290536089445
"55" 0.976886501302256 0.502959328926445 1 0.537378814869397 0.0489290536089445
"56" 0.377249774920141 0.464161819636545 0.933012701892219 0.627940442793481 0.0489290536089445
"57" 0.847206324934362 0.060320723343366 0.75 0.635530059197603 0.0489290536089445
"58" 0.08049625503936 0.47143817953799 1 0.51607825404535 0.0489290536089445
"59" 0.612150312497973 0.25359363958009 0.25 0.530624049884969 0.0489290536089445
"60" 0.643858739700389 0.0313472514586728 0.75 0.441396880827135 0.0489290536089445
"61" 0.782420316445082 0.0924049195869039 0.5 0.768209081235768 0.0489290536089445
"62" 0.756620358294999 0.466720384767898 0.75 0.585443320345462 0.0489290536089445
"63" 0.142934528898482 0.0114784033671277 0 0.974022517388689 0.0489290536089445
"64" 0.417803072802448 0.297231805466367 0.75 0.560046128936804 0.0489290536089445
"65" 0.969277623504679 0.420524565920282 0.75 0.629271076083085 0.0489290536089445
"66" 0.889520970406723 0.26477092459038 0.75 0.817274303863987 0.0489290536089445
"67" 0.464728603372671 0.469162995166136 0.933012701892219 0.865867288808444 0.0489290536089445
"68" 0.899054960330542 0.330770465670389 0.5 0.666780027537904 0.0489290536089445
"69" 0.404161068546538 0.432489257239008 0.933012701892219 0.996565622083113 0.0489290536089445
"70" 0.66614516391478 0.567871200496473 1 0.7383847991672 0.0489290536089445
"71" 0.766529677820997 0.319737132838902 0.75 0.549403460897393 0.0489290536089445
"72" 0.691415214065368 0.58407262571814 0.933012701892219 0.580249805169575 0.0489290536089445
"73" 0.793928940912367 0.203247806431805 0.933012701892219 0.74807728235557 0.0489290536089445
"74" 0.931324563945771 0.401665173965085 0.933012701892219 0.980622073229983 0.0489290536089445
"75" 0.779071371898697 0.190473291875506 0.5 0.72575703700481 0.0489290536089445
"76" NA NA NA NA 0.0489290536089445
"77" 0.691726476519065 0.369675580401498 0.933012701892219 0.912055539396181 0.0489290536089445
"78" 0.79358200174833 0.394619088204951 0.933012701892219 0.677996297958569 0.0489290536089445
"79" 0.833476920631283 0.203650435140674 0.933012701892219 0.658015844453134 0.0489290536089445
"80" 0.498414425146532 0.374602276710849 0.75 0.873509678543919 0.0489290536089445
"81" 0.756290191065102 0.351615127247065 0.933012701892219 0.540092833961994 0.0489290536089445
"82" 0.39474634334838 0.112217698432967 0.75 0.743523928251458 0.0489290536089445
"83" 0.881879812888892 0.465526690016381 0.933012701892219 0.706915121475117 0.0489290536089445
"84" 0.662502639896725 0.386639066829613 0.75 0.655798913524982 0.0489290536089445
"85" 0.659984583844908 0.319010367782782 0.75 0.664678718137112 0.0489290536089445
"86" 0.594304693198361 0.287429738183978 0.75 0.524168709516434 0.0489290536089445
"87" 0.942321059717402 0.380450720973528 0.933012701892219 0.859317166722907 0.0489290536089445
"88" 0.996258518283953 0.425745335706461 0.75 0.540555710708743 0.0489290536089445
"89" 0.979028336033651 0.389345136078421 0.75 0.51394309679021 0.0489290536089445
"90" 0.278918361589266 0.0621149159395381 0.75 0.963819139888947 0.0489290536089445
"91" 0.412697160296552 0.188846475561184 0.75 0.568046115753696 0.0489290536089445
"92" 0.316573074627777 0.17776752021669 0.933012701892219 0.701203854005657 0.0489290536089445
"93" 0.424148815133434 0.432611179303244 0.5 0.459025196350328 0.0489290536089445
"94" 0.199615762239085 0.132307292036783 0.933012701892219 0.5007265472618 0.0489290536089445
"95" 0.794153146276737 0.353580135645001 0.5 0.488077057625956 0.0489290536089445
"96" 0.878767524693073 0.423428792788783 1 0.410745707602918 0.0489290536089445
"97" 0.657364963810714 0.598904211700072 0.933012701892219 0.769533575078812 0.0489290536089445
"98" 0.654414449729385 0.551018879313663 0.933012701892219 0.541338884491266 0.0489290536089445
"99" NA NA NA NA 0.0489290536089445
"100" 0.895225638061302 0.431512791588122 0.75 0.490091178764509 0.0489290536089445
