"bias.score" "rmse.score" "phase.score" "iav.score" "dist.score"
"1" 0.658766383455121 0.569342350872235 0.933012701892219 0.630500998431567 0.875459025211721
"2" 0.630392970689448 0.517540259177294 0.933012701892219 0.562907048986518 0.875459025211721
"3" 0.625697489148944 0.513049229179746 0.933012701892219 0.56125015182124 0.875459025211721
"4" 0.657028431602356 0.527950681866371 0.933012701892219 0.564135268867434 0.875459025211721
"5" 0.824898892309516 0.619647467047 1 0.455104330156233 0.875459025211721
"6" 0.893135854427735 0.639287205708047 1 0.410558111068342 0.875459025211721
"7" 0.854010010351755 0.660739783629732 1 0.352309163874864 0.875459025211721
"8" 0.931445551588498 0.771624652173109 1 0.684141324323905 0.875459025211721
"9" 0.908452005378719 0.750448729254548 1 0.761032772430492 0.875459025211721
"10" 0.867462591254479 0.697311148408404 1 0.731208180496266 0.875459025211721
"11" 0.883191895152017 0.690030498401902 1 0.726351442454943 0.875459025211721
"12" 0.872258760598198 0.668238948608301 1 0.700689774062138 0.875459025211721
"13" 0.855364871149784 0.668483395304176 1 0.627955099780008 0.875459025211721
"14" 0.873875500123533 0.66445347797863 1 0.529263644968443 0.875459025211721
"15" 0.900048946514351 0.689973728680805 1 0.653181457796545 0.875459025211721
"16" 0.905733092982305 0.67564863806485 1 0.559333540486355 0.875459025211721
"17" 0.878090379013739 0.701212082332609 1 0.823828071450655 0.875459025211721
"18" 0.961118520531148 0.751635037942236 1 0.795502232847347 0.875459025211721
"19" 0.933976726656166 0.768316114685985 1 0.990165896228648 0.875459025211721
"20" 0.748108001355299 0.611067164563353 1 0.855299286083726 0.875459025211721
"21" 0.649802769405776 0.526774528506243 0.75 0.503273562463457 0.875459025211721
"22" 0.962986281851838 0.763766611980315 1 0.898633019218974 0.875459025211721
"23" 0.903523320201996 0.630432038799796 1 0.857205483209271 0.875459025211721
"24" 0.960719857605919 0.73799789631118 1 0.579823729443015 0.875459025211721
"25" 0.982108964811306 0.768257977932287 1 0.898717164708226 0.875459025211721
"26" 0.990974515828409 0.762098392692385 1 0.857538551800874 0.875459025211721
"27" 0.947250138439797 0.762256716064915 1 0.985380531339115 0.875459025211721
"28" 0.978943818057051 0.748014913177417 1 0.847981107074786 0.875459025211721
"29" 0.96364370830721 0.753808864062734 1 0.911797361411745 0.875459025211721
"30" 0.937685051437685 0.761883514806104 1 0.967171867783446 0.875459025211721
"31" 0.900342925328388 0.732083911623097 1 0.885428458820165 0.875459025211721
"32" 0.881531800217393 0.715978395325451 1 0.864899355684741 0.875459025211721
"33" 0.921654308665165 0.706998081446944 1 0.835332689480554 0.875459025211721
"34" 0.901127976031076 0.713405285446195 1 0.929985136434484 0.875459025211721
"35" 0.907554835633222 0.721955746878883 0.933012701892219 0.955947420611142 0.875459025211721
"36" 0.984522211447501 0.697364397679954 1 0.908639988343403 0.875459025211721
"37" 0.999899709941583 0.67634144297272 1 0.788781234993599 0.875459025211721
"38" 0.983674493104619 0.691830569393985 1 0.987873595602074 0.875459025211721
"39" 0.968192520248024 0.733753255887174 1 0.709052499766156 0.875459025211721
"40" 0.999740332666625 0.751055719159072 1 0.811307613656875 0.875459025211721
"41" 0.98625942790032 0.780396572510722 0.933012701892219 0.759397607889664 0.875459025211721
"42" 0.998153503964971 0.791089107445546 0.933012701892219 0.92504483692972 0.875459025211721
"43" 0.966323062344345 0.788229175399326 0.933012701892219 0.905349695090243 0.875459025211721
"44" 0.950936587489815 0.766075655065045 0.933012701892219 0.859531575666308 0.875459025211721
"45" 0.846461470740436 0.685571613758153 1 0.722050104853801 0.875459025211721
"46" 0.858522827890955 0.668023433179801 1 0.606876830294802 0.875459025211721
"47" 0.844817445719372 0.649869024947676 1 0.542920991140784 0.875459025211721
"48" 0.853846669967901 0.663632570017437 1 0.535876247748871 0.875459025211721
"49" 0.912836026320748 0.704355942579045 1 0.7313757216254 0.875459025211721
"50" 0.869821255927632 0.695147463174577 0.933012701892219 0.743707149726296 0.875459025211721
"51" 0.857432805161209 0.695222603920141 0.933012701892219 0.999258993840489 0.875459025211721
"52" 0.853931953053808 0.698535440214174 0.933012701892219 0.944233554133513 0.875459025211721
"53" 0.88196475658276 0.682677101057077 1 0.267661071003343 0.875459025211721
"54" 0.968347270692176 0.730100933431779 1 0.950419583935637 0.875459025211721
"55" 0.998178992250859 0.727881338132877 1 0.860086191300041 0.875459025211721
"56" 0.983698197061852 0.725524576088635 1 0.928354127887919 0.875459025211721
"57" 0.946611637729978 0.71662834887886 1 0.866015009619515 0.875459025211721
"58" 0.954286601097021 0.703225346023559 1 0.998713504789672 0.875459025211721
"59" 0.663889280920115 0.49625243629079 0.933012701892219 0.554092530994621 0.875459025211721
"60" 0.810890715463477 0.601313927789214 1 0.98581630987028 0.875459025211721
"61" 0.793606488644345 0.589943036897789 1 0.997296196903301 0.875459025211721
"62" 0.824402646909325 0.62562295506679 1 0.917354743050034 0.875459025211721
"63" 0.814673590266763 0.633461007001373 1 0.969513689988303 0.875459025211721
"64" 0.680036533606532 0.588770111926657 0.933012701892219 0.665289152005447 0.875459025211721
"65" 0.927643602968295 0.729518347128216 1 0.799211477593148 0.875459025211721
"66" 0.961129565548461 0.727287835086945 0.933012701892219 0.910238675676725 0.875459025211721
"67" 0.967138942561678 0.74885075563144 1 0.995754753535065 0.875459025211721
"68" 0.993173851046277 0.775238164036957 1 0.984650164168462 0.875459025211721
"69" 0.989478239368351 0.788337002772608 1 0.884832030528827 0.875459025211721
"70" 0.942014816218131 0.771451304285954 1 0.816430134222677 0.875459025211721
"71" 0.89493193498016 0.746654067249755 1 0.852476923691923 0.875459025211721
"72" 0.861425391109811 0.722126649869805 1 0.951119486590592 0.875459025211721
"73" 0.878248515884699 0.743296163984556 0.933012701892219 0.875201368318928 0.875459025211721
"74" 0.839667325149293 0.684928102658587 1 0.893425549848307 0.875459025211721
"75" 0.885340494441215 0.706454330620007 1 0.879300081690774 0.875459025211721
"76" 0.907106263508464 0.734182229534253 1 0.836694352597646 0.875459025211721
"77" 0.925548207879545 0.747279289243486 1 0.955794654104364 0.875459025211721
"78" 0.98086834461965 0.762161838491978 1 0.97336447397512 0.875459025211721
"79" 0.985433571852259 0.768186110428565 1 0.992891640681972 0.875459025211721
"80" 0.984355536550939 0.764570380552661 0.933012701892219 0.937979270499366 0.875459025211721
"81" 0.974717097424528 0.739900484908746 0.933012701892219 0.841704596205579 0.875459025211721
"82" 0.974999768251313 0.75300130751594 0.933012701892219 0.772901423519875 0.875459025211721
"83" 0.979902590869701 0.777664560420347 0.933012701892219 0.766365558482842 0.875459025211721
"84" 0.983600249827387 0.765135911515389 1 0.98275751306404 0.875459025211721
"85" 0.93293110757079 0.736768508223323 1 0.936718748807247 0.875459025211721
"86" 0.893903449231313 0.706191485797048 1 0.93949163408564 0.875459025211721
"87" 0.849569241487121 0.67489407647119 0.933012701892219 0.897197817052391 0.875459025211721
"88" 0.820172004957959 0.650658959632254 0.933012701892219 0.912809273292454 0.875459025211721
"89" 0.860275990475811 0.680822540566078 0.933012701892219 0.972824956651687 0.875459025211721
"90" 0.84742529086069 0.684419986997848 0.933012701892219 0.975724528073118 0.875459025211721
"91" 0.85646549773862 0.687832993331557 0.933012701892219 0.987433643900602 0.875459025211721
"92" 0.865030740185924 0.690254778695641 0.933012701892219 0.920148213955719 0.875459025211721
"93" 0.87340445396535 0.710347945058734 0.933012701892219 0.942667736013395 0.875459025211721
"94" 0.869022568811373 0.711444634292943 0.933012701892219 0.975139259240093 0.875459025211721
"95" 0.910719912378185 0.733677347691623 0.933012701892219 0.870284864714915 0.875459025211721
"96" 0.898481810493072 0.729399814045013 0.933012701892219 0.87512022463879 0.875459025211721
"97" 0.878908631787107 0.736850008888662 0.933012701892219 0.987528520821898 0.875459025211721
"98" 0.996992353607917 0.738349323505382 0.933012701892219 0.830583809933149 0.875459025211721
"99" 0.915727235613733 0.709151892651325 0.933012701892219 0.881812364301972 0.875459025211721
"100" 0.872801201657913 0.709322474276185 0.933012701892219 0.905227190090041 0.875459025211721
