"bias.score" "rmse.score" "phase.score" "iav.score" "dist.score"
"1" 0.911888772891512 0.368519240333731 0.0669872981077806 0.367879441171442 0.837293721353104
"2" 0.509400925879336 0.368519231106555 0 0.367879441171442 0.837293721353104
"3" 0.876448988948068 0.368519232796308 0 0.367879441171442 0.837293721353104
"4" 0.59553297935301 0.368519232509413 0.0669872981077806 0.367879441171442 0.837293721353104
"5" 0.663939542497802 0.380995497457517 0.933012701892219 0.437215213700609 0.837293721353104
"6" 0.63936625979794 0.392456640605415 0.933012701892219 0.54332076035082 0.837293721353104
"7" 0.651373649531764 0.397557481641839 0.933012701892219 0.665498471988324 0.837293721353104
"8" 0.748060845916662 0.490507414974733 1 0.723417500338998 0.837293721353104
"9" 0.74365332463744 0.433406259032906 1 0.520086584590808 0.837293721353104
"10" 0.496128875788521 0.512064497231161 0.933012701892219 0.815096471553056 0.837293721353104
"11" 0.679125342375946 0.45167964541877 0.933012701892219 0.603713154329401 0.837293721353104
"12" 0.844554743074832 0.42688680451921 0.933012701892219 0.540568750654986 0.837293721353104
"13" 0.836538459133205 0.465111788346761 0.933012701892219 0.676548530092483 0.837293721353104
"14" 0.838536282347825 0.427514030363832 0.933012701892219 0.555413267832564 0.837293721353104
"15" 0.820623874312191 0.425513885377711 0.933012701892219 0.580438246378763 0.837293721353104
"16" 0.823202206520183 0.430251861961472 0.933012701892219 0.625710153092699 0.837293721353104
"17" 0.897792117526896 0.44293943329403 0.933012701892219 0.747969427145145 0.837293721353104
"18" 0.688548084444748 0.405108150733924 0.933012701892219 0.458935023899758 0.837293721353104
"19" 0.944229228622467 0.409198469773025 0.933012701892219 0.456575099820172 0.837293721353104
"20" 0.469949759020301 0.368519211722899 0.0669872981077806 0.367879441171442 0.837293721353104
"21" 0.457927554715308 0.368519224802952 0.0669872981077806 0.367879441171442 0.837293721353104
"22" 0.0137995118753995 0.194217390592231 1 0.134482790731259 0.837293721353104
"23" 0.789530584645326 0.436267659091519 1 0.51000833942347 0.837293721353104
"24" 0.917677527342137 0.435723230176655 0.933012701892219 0.512409697634216 0.837293721353104
"25" 0.893333641430445 0.425988112139203 1 0.466534144470632 0.837293721353104
"26" 0.753831033178684 0.564199493384672 1 0.764387724163466 0.837293721353104
"27" 0.889035327421892 0.50765572096878 1 0.639746919746329 0.837293721353104
"28" 0.797655645892555 0.561512528473732 1 0.71265972517455 0.837293721353104
"29" 0.805951673103251 0.549570181885896 1 0.686972523650717 0.837293721353104
"30" 0.858809460325653 0.524735968063775 1 0.667538644737529 0.837293721353104
"31" 0.828765311207647 0.514863952128681 0.933012701892219 0.705375309337281 0.837293721353104
"32" 0.842401216904395 0.480959366790875 0.933012701892219 0.634054730538194 0.837293721353104
"33" 0.82037188030705 0.50459785726666 0.933012701892219 0.719315686223646 0.837293721353104
"34" 0.778337550697053 0.498471862477907 0.933012701892219 0.667206601173992 0.837293721353104
"35" 0.723029202328025 0.492136111218878 0.933012701892219 0.601228700363458 0.837293721353104
"36" 0.5807202858325 0.549749358715441 0.933012701892219 0.713309075779421 0.837293721353104
"37" 0.739569631445195 0.46180524465953 0.933012701892219 0.56232474791885 0.837293721353104
"38" 0.668402671924662 0.51299748159304 1 0.719607367160974 0.837293721353104
"39" 0.652430683471409 0.548725210408609 1 0.774711502238989 0.837293721353104
"40" 0.65822592866763 0.53937038210027 1 0.761818859198942 0.837293721353104
"41" 0.63438149239614 0.565167803303293 1 0.884026689214885 0.837293721353104
"42" 0.61095299769492 0.55609961212646 1 0.895261802029254 0.837293721353104
"43" 0.535118430604938 0.526291605871886 1 0.773594084403795 0.837293721353104
"44" 0.656201298911657 0.530095328419233 1 0.799284380534646 0.837293721353104
"45" 0.690295632182574 0.509747082769961 1 0.778897413594935 0.837293721353104
"46" 0.597016746316985 0.606287771244391 1 0.682701752901461 0.837293721353104
"47" 0.615654726713693 0.599653234823134 1 0.824134838234707 0.837293721353104
"48" 0.349507232447536 0.58153116599581 1 0.199408315252535 0.837293721353104
"49" 0.685553682829295 0.575666355606087 1 0.99932456107943 0.837293721353104
"50" 0.614657661022072 0.621863799740444 1 0.731075801938144 0.837293721353104
"51" 0.630239410781982 0.546099629902658 1 0.914242795801761 0.837293721353104
"52" 0.524942720652058 0.559148587966487 1 0.928471738707633 0.837293721353104
"53" 0.750101552203401 0.628337629583847 1 0.91452281681721 0.837293721353104
"54" 0.861066909870381 0.471054132141233 1 0.541450009109489 0.837293721353104
"55" 0.767257941302567 0.46816730985937 1 0.531618772604554 0.837293721353104
"56" 0.752156576668205 0.457817718203347 1 0.529185851760413 0.837293721353104
"57" 0.948074472602229 0.441238963466807 0.933012701892219 0.513958690716682 0.837293721353104
"58" 0.859943006348655 0.400063950731044 0.933012701892219 0.446255764964553 0.837293721353104
"59" 0.84317470084056 0.368519244134255 0.0669872981077806 0.367879441171442 0.837293721353104
"60" 0.962547711364795 0.386008624420656 0.933012701892219 0.415146501869093 0.837293721353104
"61" 0.855951958675624 0.389628710722517 1 0.433084641988302 0.837293721353104
"62" 0.913076908483314 0.386557553903971 0.933012701892219 0.446140862543138 0.837293721353104
"63" 0.601060869436942 0.384965819533257 0.933012701892219 0.424850902132245 0.837293721353104
"64" 0.929313623631718 0.368519241207885 0.0669872981077806 0.367879441171442 0.837293721353104
"65" 0.925630055591276 0.628605729854761 1 0.880557518894127 0.837293721353104
"66" 0.918471615409664 0.607049442218416 1 0.879067386386419 0.837293721353104
"67" 0.867928680018829 0.570010627964815 1 0.675657824112253 0.837293721353104
"68" 0.885470830359351 0.588872495945012 1 0.720369847463054 0.837293721353104
"69" 0.600879033481838 0.704327365279262 1 0.986166788045841 0.837293721353104
"70" 0.707110178011944 0.703283647348803 1 0.92300524962184 0.837293721353104
"71" 0.723016754493809 0.648117622896542 1 0.775477422728409 0.837293721353104
"72" 0.70718975567044 0.628639462644626 1 0.790469008261914 0.837293721353104
"73" 0.834398162996628 0.592883312817528 1 0.69236503679099 0.837293721353104
"74" 0.961321090880194 0.533641658226957 0.933012701892219 0.62252307146564 0.837293721353104
"75" 0.912909931915101 0.559242180460331 0.933012701892219 0.700735790830048 0.837293721353104
"76" 0.914546466245304 0.511534719697325 0.933012701892219 0.589515681713937 0.837293721353104
"77" 0.910188582423433 0.514000586968538 0.933012701892219 0.58986291199222 0.837293721353104
"78" 0.868940584749672 0.563339883924851 0.933012701892219 0.697637821550935 0.837293721353104
"79" 0.75528154105208 0.547027004734412 0.933012701892219 0.638826012311082 0.837293721353104
"80" 0.70638978939206 0.588266056447653 0.933012701892219 0.721523411858355 0.837293721353104
"81" 0.739871170339807 0.617439143629673 0.933012701892219 0.753953524056225 0.837293721353104
"82" 0.782077355362611 0.652659519108803 1 0.866625129527473 0.837293721353104
"83" 0.850345035178265 0.619625273177239 0.933012701892219 0.769800965808557 0.837293721353104
"84" 0.927169458571853 0.548150669698514 0.933012701892219 0.664361711682658 0.837293721353104
"85" 0.855626854516908 0.518528208592408 0.933012701892219 0.661933517402678 0.837293721353104
"86" 0.847904155200823 0.441278517383311 0.933012701892219 0.514722234288376 0.837293721353104
"87" 0.606851940596567 0.428824344871342 0.933012701892219 0.469983970772587 0.837293721353104
"88" 0.751019215520658 0.435427891153479 0.933012701892219 0.489556016758114 0.837293721353104
"89" 0.707878891373496 0.495388260150898 0.933012701892219 0.597189788583214 0.837293721353104
"90" 0.621041160703686 0.543734911744611 1 0.728945932569458 0.837293721353104
"91" 0.595890424441791 0.561800554049711 1 0.793763637071047 0.837293721353104
"92" 0.571156883726202 0.573321555063082 1 0.830664902335477 0.837293721353104
"93" 0.574979333226746 0.572643648539923 1 0.85813418794996 0.837293721353104
"94" 0.507727646742182 0.595392139732993 1 0.930904689495225 0.837293721353104
"95" 0.539399673459795 0.617262626358332 1 0.951105268051987 0.837293721353104
"96" 0.560840220671203 0.612793899905863 1 0.92382824670502 0.837293721353104
"97" 0.654935911365917 0.536376731113337 1 0.728483172545595 0.837293721353104
"98" 0.634767453989507 0.506544475035633 1 0.663494776567765 0.837293721353104
"99" 0.522315842880515 0.485602465730067 1 0.651011907434574 0.837293721353104
"100" 0.660982051039746 0.510925444449016 1 0.755920405489805 0.837293721353104
