"bias.score" "rmse.score" "phase.score" "iav.score" "dist.score"
"1" 0.679816331057553 0.368519231287927 0.0669872981077806 0.367879441171442 0.913184198554556
"2" 0.675503663588888 0.368519221396991 0.0669872981077806 0.367879441171442 0.913184198554556
"3" 0.568482404021301 0.368519221313116 0 0.367879441171442 0.913184198554556
"4" 0.61709717937564 0.368519226592386 0.0669872981077806 0.367879441171442 0.913184198554556
"5" 0.573470993555024 0.407849516153385 0.933012701892219 0.709017640840061 0.913184198554556
"6" 0.628318525815507 0.445628952393433 0.933012701892219 0.812768099615725 0.913184198554556
"7" 0.648559778534503 0.458454064721852 0.933012701892219 0.381809427106488 0.913184198554556
"8" 0.774206745754432 0.549732490006248 0.933012701892219 0.367893376522422 0.913184198554556
"9" 0.691348831593557 0.501992387504012 0.933012701892219 0.694165326262072 0.913184198554556
"10" 0.919999759830796 0.508274699450576 0.933012701892219 0.122072920861954 0.913184198554556
"11" 0.765044360639954 0.54899947800583 0.933012701892219 0.263960123331421 0.913184198554556
"12" 0.651475541639294 0.467147128581982 0.933012701892219 0.89568301322562 0.913184198554556
"13" 0.726875796978126 0.518859970557655 0.933012701892219 0.624764794188582 0.913184198554556
"14" 0.66411234117731 0.475798381594946 0.933012701892219 0.942719152692039 0.913184198554556
"15" 0.652424729578164 0.474509700831118 0.933012701892219 0.848905301500566 0.913184198554556
"16" 0.667860758244608 0.483515220407395 0.933012701892219 0.753172566823136 0.913184198554556
"17" 0.664076403655064 0.482121669914033 0.933012701892219 0.558496925114206 0.913184198554556
"18" 0.588222543481725 0.430600701566854 0.933012701892219 0.663861203014217 0.913184198554556
"19" 0.672675869623128 0.460219733102682 0.933012701892219 0.743346065082142 0.913184198554556
"20" 0.744436938123827 0.368519251988239 0.0669872981077806 0.367879441171442 0.913184198554556
"21" 0.894468003856378 0.368519238843326 0.0669872981077806 0.367879441171442 0.913184198554556
"22" 0.0198067294290231 0.0104716561716619 1 0.00247048260862391 0.913184198554556
"23" 0.602624729702411 0.481732395131219 1 0.940115785328709 0.913184198554556
"24" 0.634993892888052 0.470555267655115 0.933012701892219 0.706140839481942 0.913184198554556
"25" 0.665009591570493 0.498635521153064 0.933012701892219 0.95487594617502 0.913184198554556
"26" 0.882045092200937 0.620196731561659 0.933012701892219 0.308658415768228 0.913184198554556
"27" 0.721928222298859 0.562563917740241 0.933012701892219 0.773854781305865 0.913184198554556
"28" 0.825206288411679 0.592159865120237 0.933012701892219 0.517918713323597 0.913184198554556
"29" 0.824340953171216 0.593393319845873 0.933012701892219 0.67179866970683 0.913184198554556
"30" 0.769421990871304 0.571668317026906 0.933012701892219 0.823561056633829 0.913184198554556
"31" 0.762391759794492 0.549890938636843 0.933012701892219 0.661249467772852 0.913184198554556
"32" 0.69780050400494 0.513689503457901 0.933012701892219 0.941881997162925 0.913184198554556
"33" 0.751551091095127 0.54364973784546 0.933012701892219 0.650927124175519 0.913184198554556
"34" 0.761594989763329 0.547769169638882 0.933012701892219 0.671958581186892 0.913184198554556
"35" 0.806505467121274 0.556544788468574 0.933012701892219 0.85271726718128 0.913184198554556
"36" 0.952601694326614 0.508034766717738 0.933012701892219 0.560144080233521 0.913184198554556
"37" 0.762273181258864 0.563126893166649 0.933012701892219 0.924789060966322 0.913184198554556
"38" 0.920774867677078 0.603604994694151 0.933012701892219 0.534505268337523 0.913184198554556
"39" 0.929536404053835 0.570109936805819 0.933012701892219 0.449367877352754 0.913184198554556
"40" 0.89687212987121 0.582232569251756 0.933012701892219 0.663307165143587 0.913184198554556
"41" 0.938986268142631 0.618356944469996 0.933012701892219 0.645626937942658 0.913184198554556
"42" 0.931587027582461 0.6171382791885 0.933012701892219 0.585881441588551 0.913184198554556
"43" 0.923931869607985 0.613300790427314 0.933012701892219 0.643758829977194 0.913184198554556
"44" 0.927891188231234 0.654391720117157 0.933012701892219 0.740050683423223 0.913184198554556
"45" 0.864902811561739 0.617158559919768 0.933012701892219 0.588831782855436 0.913184198554556
"46" 0.885700149761961 0.479800775715406 0.933012701892219 0.200849656928896 0.913184198554556
"47" 0.885383811739302 0.517450683978564 0.933012701892219 0.237483554468008 0.913184198554556
"48" 0.369576155195912 0.15791057383476 0.933012701892219 0.0112024382005137 0.913184198554556
"49" 0.990428840136188 0.621961966452451 0.933012701892219 0.570558856068042 0.913184198554556
"50" 0.89598262181822 0.569494685945859 0.933012701892219 0.312529506166359 0.913184198554556
"51" 0.987213142510241 0.599894861080444 0.933012701892219 0.469897884743718 0.913184198554556
"52" 0.916592243850985 0.562464317748738 0.933012701892219 0.182193107692539 0.913184198554556
"53" 0.54260695182496 0.266672256123951 0.933012701892219 0.0212655820871636 0.913184198554556
"54" 0.890335287326067 0.559795914263173 1 0.316140092415428 0.913184198554556
"55" 0.826519075048395 0.503838503038088 1 0.184059899661384 0.913184198554556
"56" 0.94790163463083 0.559159262104769 1 0.324555145930079 0.913184198554556
"57" 0.827568808476129 0.557576748369546 0.933012701892219 0.715449004621281 0.913184198554556
"58" 0.659913324749501 0.472389467682515 0.933012701892219 0.837423318878828 0.913184198554556
"59" 0.565793490011786 0.368519247247245 0.0669872981077806 0.367879441171442 0.913184198554556
"60" 0.613644071560267 0.426327699900828 1 0.509502099211207 0.913184198554556
"61" 0.626022887477 0.471089414254643 1 0.747957524836545 0.913184198554556
"62" 0.552199444416392 0.437018712993224 0.933012701892219 0.551999843044785 0.913184198554556
"63" 0.739280448098523 0.513294305654908 1 0.533850948547858 0.913184198554556
"64" 0.520575707602345 0.368519222302858 0.0669872981077806 0.367879441171442 0.913184198554556
"65" 0.966770557807444 0.71422501290483 1 0.494354499367182 0.913184198554556
"66" 0.956284601204798 0.698688377402467 1 0.508143883955676 0.913184198554556
"67" 0.930546824353414 0.75068072909946 1 0.894637236526286 0.913184198554556
"68" 0.977412288270031 0.768705917863592 1 0.883524366968052 0.913184198554556
"69" 0.676667108935317 0.588646145724646 1 0.350995419316813 0.913184198554556
"70" 0.956602478886076 0.798824021020645 1 0.641853299526007 0.913184198554556
"71" 0.930798260099699 0.803381075951932 1 0.758380170870191 0.913184198554556
"72" 0.819111909603436 0.699537769529574 1 0.566079364190403 0.913184198554556
"73" 0.954962782760725 0.653281035703378 0.933012701892219 0.688482384068023 0.913184198554556
"74" 0.754984702598918 0.581175110901242 0.933012701892219 0.904216812826893 0.913184198554556
"75" 0.803804518347958 0.603383256129783 0.933012701892219 0.710788987790636 0.913184198554556
"76" 0.744717732043591 0.554178944619042 0.933012701892219 0.860805480693378 0.913184198554556
"77" 0.739567413775058 0.544043205120132 0.933012701892219 0.835980191388483 0.913184198554556
"78" 0.838675585256534 0.591464356602329 0.933012701892219 0.725575718468751 0.913184198554556
"79" 0.877028694018894 0.640634849941933 0.933012701892219 0.460663804852917 0.913184198554556
"80" 0.930926760047586 0.629365343408174 0.933012701892219 0.377343806733933 0.913184198554556
"81" 0.93525286019865 0.598209847850855 0.933012701892219 0.477933257184517 0.913184198554556
"82" 0.95554691463984 0.582203832839686 0.933012701892219 0.411188212632381 0.913184198554556
"83" 0.871189702110526 0.569408619598918 0.933012701892219 0.513211994948686 0.913184198554556
"84" 0.763164296035188 0.572233464768535 0.933012701892219 0.743840407132947 0.913184198554556
"85" 0.772884809275853 0.552011437636799 0.933012701892219 0.567563579452537 0.913184198554556
"86" 0.646711751887755 0.49760403348652 0.933012701892219 0.969680106294567 0.913184198554556
"87" 0.70249174055396 0.526564573288532 0.933012701892219 0.941215871641198 0.913184198554556
"88" 0.660680427944616 0.502978880398241 0.933012701892219 0.903706964765453 0.913184198554556
"89" 0.796207340330225 0.535203846189743 0.933012701892219 0.909905485864388 0.913184198554556
"90" 0.942216191873601 0.560211151254298 0.933012701892219 0.512375303787751 0.913184198554556
"91" 0.983199794791951 0.550911817092699 0.933012701892219 0.472290704770499 0.913184198554556
"92" 0.907915004288461 0.501133116187375 0.933012701892219 0.393101488430688 0.913184198554556
"93" 0.961197052334254 0.537257013635082 0.933012701892219 0.403562821289218 0.913184198554556
"94" 0.821649204431983 0.475241504240353 0.933012701892219 0.362199350431869 0.913184198554556
"95" 0.919305459525841 0.580366607019982 1 0.48081718858938 0.913184198554556
"96" 0.973178473754619 0.607724224884472 1 0.553653580088003 0.913184198554556
"97" 0.877449966479838 0.60220719368826 0.933012701892219 0.650003886595159 0.913184198554556
"98" 0.806582797424305 0.605128819810093 1 0.824761593009154 0.913184198554556
"99" 0.966167147144524 0.594791812963913 0.933012701892219 0.696040673003128 0.913184198554556
"100" 0.844085520758414 0.526198562519869 0.933012701892219 0.674077199491864 0.913184198554556
