"bias.score" "rmse.score" "phase.score" "iav.score" "dist.score"
"1" 0.572958254430813 0.52854640838838 0.933012701892219 0.60756862734697 0.770493984806557
"2" 0.224783820941933 0.479827339241352 0.933012701892219 0.44091651260682 0.770493984806557
"3" 0.365057823804946 0.536304804427661 0.933012701892219 0.709631637655662 0.770493984806557
"4" 0.46055280187887 0.387496734860403 0.75 0.486390236262004 0.770493984806557
"5" 0.016331655865003 0.261399648021569 0.75 0.452397180366641 0.770493984806557
"6" 0.48550839370265 0.367520553976434 0.75 0.549409671349254 0.770493984806557
"7" 0.485239320472022 0.464106700674246 0.933012701892219 0.698924388830897 0.770493984806557
"8" 0.645135359509325 0.358413884738858 0.5 0.623680186422213 0.770493984806557
"9" 0.670471003120083 0.411472930755196 0.75 0.523342594903489 0.770493984806557
"10" 0.352633827475356 0.324584330017438 0.5 0.502243120213466 0.770493984806557
"11" 0.27594364322921 0.336763055220358 0.75 0.441396664738444 0.770493984806557
"12" 0.490153304282312 0.456071345933968 0.75 0.581595165474519 0.770493984806557
"13" 0.71867022663071 0.719775539289965 0.933012701892219 0.634336762002321 0.770493984806557
"14" 0.317348608025873 0.107058245983787 0.75 0.927975502677993 0.770493984806557
"15" 0.961323281718643 0.261240389250535 0.5 0.566688958229218 0.770493984806557
"16" 0.790617301557691 0.290627579579022 0.5 0.807335327179532 0.770493984806557
"17" 0.302842117602043 0.155374933926709 0.5 0.89469303192756 0.770493984806557
"18" NA NA NA NA 0.770493984806557
"19" 0.446328901804889 0.438672474380405 1 0.55715018682006 0.770493984806557
"20" 0.724770277038743 0.678377290130118 0.933012701892219 0.801164420909302 0.770493984806557
"21" 0.96293794605967 0.135254063112288 0.75 0.868673407014927 0.770493984806557
"22" 0.403195518528906 0.0814303309757413 0.5 0.573846216389007 0.770493984806557
"23" 0.780766491599673 0.520734732692092 1 0.561077334234776 0.770493984806557
"24" 0.986374384538339 0.503975863354908 0.933012701892219 0.476996436013134 0.770493984806557
"25" 0.924042432544318 0.524460798778224 0.933012701892219 0.487455572258904 0.770493984806557
"26" 0.919092595200018 0.517506104276419 0.933012701892219 0.49751313829407 0.770493984806557
"27" 0.839487956492887 0.118624698520122 0.933012701892219 0.871353201663744 0.770493984806557
"28" 0.99066180851251 0.587889774224405 0.933012701892219 0.622814997039036 0.770493984806557
"29" 0.887559705289068 0.327260312472844 0.75 0.531898928651029 0.770493984806557
"30" 0.310736785439091 0.233920525867434 0.933012701892219 0.667189507338089 0.770493984806557
"31" 0.944614651698946 0.572221779206587 0.933012701892219 0.864227263200442 0.770493984806557
"32" 0.772505254764495 0.396522982096623 0.75 0.799466797573738 0.770493984806557
"33" 0.846444473621336 0.697021564930881 1 0.754573692912298 0.770493984806557
"34" 0.287489735382023 0.0528604568943768 0.5 0.978305645410922 0.770493984806557
"35" 0.550051861013198 0.293190807730496 0.75 0.905427073594861 0.770493984806557
"36" 0.848326169295427 0.209620032781499 0.933012701892219 0.703928520283576 0.770493984806557
"37" 0.675272239533971 0.658407780584181 1 0.88891022048794 0.770493984806557
"38" 0.899932565010619 0.412631528765262 0.933012701892219 0.548903576903492 0.770493984806557
"39" 0.935995157225564 0.496834793800749 0.75 0.728808918119767 0.770493984806557
"40" 0.632501654826159 0.432931204006135 0.933012701892219 0.669635892917098 0.770493984806557
"41" 0.649700450836048 0.494998069745682 0.75 0.618696712916096 0.770493984806557
"42" 0.995733048888467 0.666734800706129 1 0.892916766285433 0.770493984806557
"43" 0.867199350462761 0.57646094280859 1 0.754181527069451 0.770493984806557
"44" 0.191419260998387 0.137259939720123 1 0.78520487490435 0.770493984806557
"45" NA NA NA NA 0.770493984806557
"46" 0.970729766122501 0.465954354709291 0.75 0.588179332178127 0.770493984806557
"47" 0.739115981107918 0.340328607189472 0.75 0.69856494737156 0.770493984806557
"48" 0.619598691374307 0.416129075802482 0.75 0.695484878337161 0.770493984806557
"49" 0.931039821679104 0.649001352782558 1 0.523617942383407 0.770493984806557
"50" 0.753273569672016 0.504716191813947 1 0.552046330788409 0.770493984806557
"51" 0.483109328035578 0.485238162486782 0.5 0.562738512562161 0.770493984806557
"52" 0.836805856557824 0.516453320897281 0.75 0.555657308272514 0.770493984806557
"53" 0.528005048378316 0.515046051836403 1 0.596123839937784 0.770493984806557
"54" 0.815468681971101 0.471734741452101 0.75 0.473525092329222 0.770493984806557
"55" 0.748860913680989 0.703296017670818 1 0.700162613733938 0.770493984806557
"56" 0.974862125968539 0.548920009935964 0.933012701892219 0.640509153594429 0.770493984806557
"57" 0.481182838752026 0.180663337875996 0.75 0.590399800004158 0.770493984806557
"58" 0.656272072083652 0.374071728510249 1 0.549488339156566 0.770493984806557
"59" 0.55763411992506 0.409444092950771 0.25 0.543304037682094 0.770493984806557
"60" 0.509091908448639 0.20823069676602 0.75 0.625314905850611 0.770493984806557
"61" 0.303451782683282 0.123537924652891 0.75 0.763489242478877 0.770493984806557
"62" 0.800016958971421 0.553182583039864 0.75 0.669913320954441 0.770493984806557
"63" 0.0875825760399268 0.127683989778953 0.933012701892219 0.927524886447768 0.770493984806557
"64" 0.782785512640819 0.316067502591385 1 0.5677720249422 0.770493984806557
"65" 0.562285774350292 0.649941735883578 0.933012701892219 0.979431633948473 0.770493984806557
"66" 0.850103131636135 0.622279547110891 1 0.770828319838543 0.770493984806557
"67" 0.841388382949401 0.580568270286127 0.933012701892219 0.674107707301581 0.770493984806557
"68" 0.722941432436723 0.575763426420544 0.933012701892219 0.680571396631897 0.770493984806557
"69" 0.648335290508545 0.562783991666277 0.933012701892219 0.682720176525645 0.770493984806557
"70" 0.814465718233186 0.625614435402656 0.933012701892219 0.726398851255229 0.770493984806557
"71" 0.99743444556042 0.359654470358093 0.75 0.466751248745564 0.770493984806557
"72" 0.71550116548527 0.653718484351181 0.75 0.817124213254337 0.770493984806557
"73" 0.811088377576022 0.448464422008778 0.933012701892219 0.568092266140488 0.770493984806557
"74" 0.755617248627059 0.434122734572644 0.933012701892219 0.708143510924816 0.770493984806557
"75" 0.871073876951689 0.457106189304705 1 0.728481080796662 0.770493984806557
"76" NA NA NA NA 0.770493984806557
"77" 0.779803956816379 0.559905044199195 0.933012701892219 0.89332087559864 0.770493984806557
"78" 0.939274439214735 0.432574804601712 0.933012701892219 0.789857647416591 0.770493984806557
"79" 0.219450474528294 0.227385400123462 1 0.80497696977753 0.770493984806557
"80" 0.880842776489603 0.521226331922992 1 0.442588913431548 0.770493984806557
"81" 0.779007685373506 0.547661452605859 0.933012701892219 0.483063043323073 0.770493984806557
"82" 0.717374416924224 0.308167790521796 0.75 0.532319927883598 0.770493984806557
"83" 0.778012511626966 0.565299380798469 0.933012701892219 0.91621791800883 0.770493984806557
"84" 0.979474275064157 0.443848774774419 0.75 0.526968973864726 0.770493984806557
"85" 0.742515927991652 0.676007699141525 0.933012701892219 0.548755224331603 0.770493984806557
"86" 0.664529732599645 0.553328660066888 0.75 0.51648835528854 0.770493984806557
"87" 0.960287546530465 0.764863215373958 1 0.791249575867622 0.770493984806557
"88" 0.600280735448228 0.554222681861685 1 0.532529898177009 0.770493984806557
"89" 0.744261228682228 0.409453403401457 0.75 0.431078552569318 0.770493984806557
"90" 0.407239262728899 0.396142229304987 0.933012701892219 0.584920480663768 0.770493984806557
"91" 0.669832141673219 0.542708518744655 0.933012701892219 0.493559155216053 0.770493984806557
"92" 0.367608102674736 0.421128345971167 0.933012701892219 0.621809477960752 0.770493984806557
"93" 0.450608089224532 0.514444241153557 0.933012701892219 0.420673379402172 0.770493984806557
"94" 0.27777016489953 0.34861969726304 0.933012701892219 0.592077345341333 0.770493984806557
"95" 0.530000647243118 0.447810469995997 0.933012701892219 0.41212685146088 0.770493984806557
"96" 0.841044722279265 0.425459841572011 0.933012701892219 0.391275967958676 0.770493984806557
"97" 0.823946614269861 0.5890508562175 1 0.607756099638966 0.770493984806557
"98" 0.874992190596592 0.71622241256682 1 0.625014970398333 0.770493984806557
"99" NA NA NA NA 0.770493984806557
"100" 0.725279918919873 0.656500276953033 1 0.607741799652071 0.770493984806557
