"bias.score" "rmse.score" "phase.score" "iav.score" "dist.score"
"1" 0.834367018833032 0.596703602617885 0.75 0.846539574915435 0.773934695484948
"2" 0.36949239269646 0.483134049092013 0.5 0.714245565163696 0.773934695484948
"3" 0.412883750505021 0.350769308165955 0.933012701892219 0.662712707710278 0.773934695484948
"4" 0.96104816694049 0.386904205389355 0.933012701892219 0.69363060152042 0.773934695484948
"5" 1.54478122087505e-05 0.00228061972056673 0.75 0.492519993614465 0.773934695484948
"6" 0.373013076727017 0.253994747486738 0.0669872981077806 0.678781920444432 0.773934695484948
"7" 0.734493277630768 0.450243652241717 1 0.935629129169454 0.773934695484948
"8" 0.971491425656176 0.440123296457788 1 0.75857081586194 0.773934695484948
"9" 0.830243001591476 0.420367364256988 1 0.889145674870094 0.773934695484948
"10" 0.473544085712275 0.511860444342264 0.933012701892219 0.523536321916107 0.773934695484948
"11" 0.804024075243616 0.51568097718441 1 0.858513438795921 0.773934695484948
"12" 0.886095697458544 0.298065261762789 0.933012701892219 0.911528620935176 0.773934695484948
"13" 0.575965944072239 0.34233210153635 0.933012701892219 0.922106435841889 0.773934695484948
"14" 0.893195903972753 0.418849788849101 1 0.974651046208763 0.773934695484948
"15" 0.829823736719116 0.709248072382424 1 0.627165063690675 0.773934695484948
"16" 0.852010353455962 0.70336482338427 1 0.558619931423148 0.773934695484948
"17" 0.928058955917401 0.654399780039122 1 0.913370364529258 0.773934695484948
"18" NA NA NA NA 0.773934695484948
"19" 0.722051323970571 0.48051034024094 0.933012701892219 0.541900394267015 0.773934695484948
"20" 0.648546993726497 0.360460777160747 0.25 0.878097913766921 0.773934695484948
"21" 0.725761456421921 0.551962409163018 0.933012701892219 0.732989497550898 0.773934695484948
"22" 0.966880742636003 0.615656284111529 0.933012701892219 0.33216534139323 0.773934695484948
"23" 0.47488965561102 0.391186513528062 0.75 0.786137278064391 0.773934695484948
"24" 0.786356121345164 0.318877711462401 0.5 0.704113330524577 0.773934695484948
"25" 0.772903074407389 0.311888524458675 0.5 0.708321576296731 0.773934695484948
"26" 0.658502562618779 0.332879035534953 0.5 0.672799959204124 0.773934695484948
"27" 0.668402433804713 0.507843576737195 1 0.587743239359392 0.773934695484948
"28" 0.747689636521462 0.363880811362461 0.75 0.502865959524133 0.773934695484948
"29" 0.651829783772543 0.465367988438578 1 0.766704977116614 0.773934695484948
"30" 0.429429463152694 0.530769075750839 1 0.758025517621831 0.773934695484948
"31" 0.893671910213851 0.432680260776007 0.5 0.551134128363828 0.773934695484948
"32" 0.810795037420231 0.542789340443441 1 0.605269360517675 0.773934695484948
"33" 0.673612914842215 0.434109135737226 1 0.654243514582283 0.773934695484948
"34" 0.836314688671519 0.502620973931896 1 0.709749719414528 0.773934695484948
"35" 0.946336074464168 0.514735179624149 1 0.577134332773028 0.773934695484948
"36" 0.860376140368138 0.546349039295678 1 0.790391365782174 0.773934695484948
"37" 0.931294058946546 0.435099817492479 1 0.631101511361631 0.773934695484948
"38" 0.926837650472562 0.798874922205042 0.933012701892219 NA 0.773934695484948
"39" 0.270548659845363 0.219114949669453 0.25 0.745554307981147 0.773934695484948
"40" 0.915584913836501 0.610941181563933 0.933012701892219 0.766561378525668 0.773934695484948
"41" 0.645641562972878 0.338957361896685 0.75 0.550538747085606 0.773934695484948
"42" 0.626397441167576 0.478654174056397 0.75 0.751900979325706 0.773934695484948
"43" 0.560850906793351 0.464316375707279 0.75 0.730839782827904 0.773934695484948
"44" 0.937698471585078 0.461401726067336 0.933012701892219 0.833604999970302 0.773934695484948
"45" NA NA NA NA 0.773934695484948
"46" 0.640550010358908 0.557481979876945 0.933012701892219 0.528755562290869 0.773934695484948
"47" 0.315999041221545 0.399564072760204 1 0.328220720933862 0.773934695484948
"48" 0.279557232555219 0.415762151698409 1 0.388088046865824 0.773934695484948
"49" 0.826363487040858 0.418331703253051 1 0.848458500114067 0.773934695484948
"50" 0.990619944873106 0.506952902776394 0.933012701892219 0.978959053607366 0.773934695484948
"51" 0.62301063878589 0.561768144979451 0.933012701892219 0.690638261345318 0.773934695484948
"52" 0.389065206852871 0.508956544802555 1 0.747664152397178 0.773934695484948
"53" 0.816565607416351 0.468313537431672 0.933012701892219 0.837570098025993 0.773934695484948
"54" 0.408848517370141 0.41090534521956 0.75 0.477925199864329 0.773934695484948
"55" 0.963382132365955 0.52513569249646 0.933012701892219 0.916085192077215 0.773934695484948
"56" 0.370849436990474 0.526682127559245 0.933012701892219 0.614054390833974 0.773934695484948
"57" 0.728801391236271 0.45516819350484 0.933012701892219 0.96829288470579 0.773934695484948
"58" 0.624834219856685 0.498336092185308 0.933012701892219 0.513450636383201 0.773934695484948
"59" 0.258919046658958 0.204397063882223 0.933012701892219 0.973659257364311 0.773934695484948
"60" 0.524344720252466 0.330149455517966 0.933012701892219 0.887874253100631 0.773934695484948
"61" 0.570871691681407 0.532978486629377 0.933012701892219 0.938684516023909 0.773934695484948
"62" 0.841666729212269 0.450800875240496 0.933012701892219 0.587892722015459 0.773934695484948
"63" 0.735912459537238 0.402115298502701 1 0.612303628395757 0.773934695484948
"64" 0.604908313316756 0.505256010915476 0.5 0.52416492787454 0.773934695484948
"65" 0.688465735895975 0.701450905420828 1 0.863113260670456 0.773934695484948
"66" 0.717682247999801 0.548184589193038 0.933012701892219 0.533169873674831 0.773934695484948
"67" 0.89365505608076 0.572070809166572 1 0.643376515097095 0.773934695484948
"68" 0.86999406021675 0.628894364418075 0.933012701892219 0.575714931006331 0.773934695484948
"69" 0.518884484412722 0.596747065150445 0.933012701892219 0.695818647575627 0.773934695484948
"70" 0.963525677675615 0.557950900092427 0.933012701892219 0.831488393613695 0.773934695484948
"71" 0.938851227982807 0.396557478747427 0.75 0.773101657332907 0.773934695484948
"72" 0.514133248776364 0.549140422601125 0.933012701892219 0.554767907406543 0.773934695484948
"73" 0.955978862807488 0.592480809774904 0.933012701892219 0.594258253848007 0.773934695484948
"74" 0.881523219973503 0.518824775349854 0.933012701892219 0.611303033824545 0.773934695484948
"75" 0.558197270616782 0.518123654201835 0.75 0.713229111351448 0.773934695484948
"76" NA NA NA NA 0.773934695484948
"77" 0.966671587865497 0.595094614055475 0.933012701892219 0.726651632877805 0.773934695484948
"78" 0.650592979866102 0.398067428460016 0.75 0.706064402800873 0.773934695484948
"79" 0.578731535768792 0.685200378937998 1 0.883958125350871 0.773934695484948
"80" 0.540655197050177 0.628530921428706 0.933012701892219 0.785721546999885 0.773934695484948
"81" 0.636776701781114 0.649205796721337 0.933012701892219 0.897844235707298 0.773934695484948
"82" 0.717311138311489 0.495427827140763 0.25 0.950653933152214 0.773934695484948
"83" 0.936002838269035 0.45983926309445 0.5 0.559393342866897 0.773934695484948
"84" 0.904279852250647 0.55747158579346 0.75 0.880446788476446 0.773934695484948
"85" 0.717924886683983 0.608515399431906 0.933012701892219 0.894207662133316 0.773934695484948
"86" 0.584431631854097 0.55612090878164 0.933012701892219 0.534718571967226 0.773934695484948
"87" 0.628351768548103 0.588360157312667 0.933012701892219 0.671557926610523 0.773934695484948
"88" 0.579661272031818 0.567706117336962 0.933012701892219 0.545355807665827 0.773934695484948
"89" 0.524846517337935 0.473042262907641 0.75 0.626004341985086 0.773934695484948
"90" 0.791436829729871 0.618501242049419 0.933012701892219 0.545065145847241 0.773934695484948
"91" 0.609972158415243 0.603276260543736 0.933012701892219 0.644130256846955 0.773934695484948
"92" 0.796614969124229 0.598619459637429 0.933012701892219 0.662943599881866 0.773934695484948
"93" 0.595711865204103 0.454339869687188 1 0.502812076251367 0.773934695484948
"94" 0.619404224792409 0.61045260562676 0.933012701892219 0.622815890635474 0.773934695484948
"95" 0.857162339879382 0.575556629843825 0.75 0.645759878890459 0.773934695484948
"96" 0.518170219592208 0.386921261828394 0.933012701892219 0.482847898815843 0.773934695484948
"97" 0.822159697289523 0.624908062463236 0.933012701892219 0.969063445282067 0.773934695484948
"98" 0.785467748476109 0.565647047769874 1 0.848585544126217 0.773934695484948
"99" NA NA NA NA 0.773934695484948
"100" 0.972815661273448 0.615959019945464 0.933012701892219 0.78360864409931 0.773934695484948
