"bias.score" "rmse.score" "phase.score" "iav.score" "dist.score"
"1" 0.499365191879829 0.378559294217733 0.25 0.948069971308337 0.193579464321937
"2" 0.0667708332425878 0.353484373483766 0.0669872981077806 0.496170143715349 0.193579464321937
"3" 0.0652785643391516 0.346851419409794 0.0669872981077806 0.501236993182903 0.193579464321937
"4" 0.401976428829643 0.337025599843728 0.933012701892219 0.483599856337369 0.193579464321937
"5" 0.456486222340663 0.526578397239209 1 0.505791706159118 0.193579464321937
"6" 0.525643353401193 0.503800534893718 0.75 0.489076201209731 0.193579464321937
"7" 0.445118343990533 0.512052608317084 1 0.531538234455532 0.193579464321937
"8" 0.38415345358452 0.503075105154451 1 0.770101484552782 0.193579464321937
"9" 0.52578030728284 0.617804637165438 1 0.94679668748348 0.193579464321937
"10" 0.488503089371344 0.60147887302968 1 0.915830274452971 0.193579464321937
"11" 0.502673962469971 0.592383366121337 1 0.894078747248981 0.193579464321937
"12" 0.417256283010492 0.518805587113331 1 0.935390221397373 0.193579464321937
"13" 0.415676036965567 0.467362923031789 1 0.959803409609669 0.193579464321937
"14" 0.421865957690048 0.467726903386756 1 0.911531316832434 0.193579464321937
"15" 0.429731767316231 0.469658887506079 1 0.9923657160896 0.193579464321937
"16" 0.541810737797279 0.459208766477724 0.933012701892219 0.528395327881713 0.193579464321937
"17" 0.656969578700915 0.48536226979535 0.75 0.535258710091906 0.193579464321937
"18" 0.365540412613996 0.42170279385071 0.75 0.929083252503605 0.193579464321937
"19" 0.32231104199291 0.435647087219126 0.933012701892219 0.90681260931423 0.193579464321937
"20" 0.210291034120516 0.461209951859976 1 0.690849047168307 0.193579464321937
"21" 0.117605281074774 0.373829435402896 0.933012701892219 0.567191125262587 0.193579464321937
"22" 0.0714134678767519 0.168489171553572 0.933012701892219 0.811217726791487 0.193579464321937
"23" 0.464282992855806 0.324670130518782 0.5 0.770937802090553 0.193579464321937
"24" 0.477064802339119 0.433773991522556 0.933012701892219 0.831437113599316 0.193579464321937
"25" 0.412589760863161 0.448859004733747 0.933012701892219 0.944855779618151 0.193579464321937
"26" 0.46136626670974 0.432213486692642 0.933012701892219 0.884265670433423 0.193579464321937
"27" 0.45343482820701 0.434697920782363 0.933012701892219 0.909405666247823 0.193579464321937
"28" 0.480355764130411 0.432107674064809 0.933012701892219 0.83072823915199 0.193579464321937
"29" 0.471454818188578 0.432542321696799 0.933012701892219 0.853084602443229 0.193579464321937
"30" 0.457114202876128 0.432924282090372 0.933012701892219 0.778546954182806 0.193579464321937
"31" 0.409830475754692 0.427364245353606 1 0.897395087548471 0.193579464321937
"32" 0.398455509976142 0.406035751408211 1 0.957511074542246 0.193579464321937
"33" 0.45387848264356 0.418117642668238 1 0.922226084275567 0.193579464321937
"34" 0.412087627250992 0.409980093884463 0.933012701892219 0.915440472993386 0.193579464321937
"35" 0.3295825544924 0.393734119355526 0.933012701892219 0.988228473968597 0.193579464321937
"36" 0.474365319146129 0.402725157737638 0.933012701892219 0.967300469127796 0.193579464321937
"37" 0.48212246219096 0.388549519913429 0.933012701892219 0.96271408653688 0.193579464321937
"38" 0.507153597689699 0.406455615937512 0.933012701892219 0.933374320560211 0.193579464321937
"39" 0.467216920710796 0.409475199697344 0.933012701892219 0.95207931296489 0.193579464321937
"40" 0.478983704293391 0.411784941994539 0.933012701892219 0.954116953000469 0.193579464321937
"41" 0.520091937874628 0.416024825727239 0.933012701892219 0.951717245092469 0.193579464321937
"42" 0.474168772539926 0.397520073114408 0.933012701892219 0.974379185490052 0.193579464321937
"43" 0.393015627650237 0.408289271370823 0.933012701892219 0.930869018320857 0.193579464321937
"44" 0.420164077360479 0.389661523807353 0.933012701892219 0.957389352063579 0.193579464321937
"45" 0.416293036769179 0.408073161591244 0.933012701892219 0.981592317235703 0.193579464321937
"46" 0.531350023161473 0.43454661200533 0.933012701892219 0.757784150761674 0.193579464321937
"47" 0.543411344286204 0.42199107958555 0.75 0.838149635881364 0.193579464321937
"48" 0.599104422401416 0.435064956045863 0.75 0.966201455568965 0.193579464321937
"49" 0.524998004584676 0.41067067155289 0.933012701892219 0.93467151938794 0.193579464321937
"50" 0.578677186233635 0.402364659390916 0.933012701892219 0.975038911926336 0.193579464321937
"51" 0.565765683792602 0.427467006936094 0.933012701892219 0.894453222414907 0.193579464321937
"52" 0.489250202291154 0.437084455625245 0.933012701892219 0.973828806559808 0.193579464321937
"53" 0.433168029624059 0.417846781150166 0.75 0.876086775113898 0.193579464321937
"54" 0.352734531048913 0.429966237240595 1 0.861364839619953 0.193579464321937
"55" 0.34327315933315 0.427823393973148 0 0.936445950522018 0.193579464321937
"56" 0.390355183258364 0.401770959776171 0 0.987312247986187 0.193579464321937
"57" 0.404714429679753 0.410023945212958 0 0.898944838201524 0.193579464321937
"58" 0.326767676445426 0.430530795019091 1 0.87488185510736 0.193579464321937
"59" 0.174144239704438 0.363726813320843 0.933012701892219 0.51499002022702 0.193579464321937
"60" 0.296414318879992 0.402739784980767 0 0.819492811172302 0.193579464321937
"61" 0.277143030779669 0.406263907853463 0 0.731398629261202 0.193579464321937
"62" 0.264721295950931 0.400657714688755 0 0.588832710463675 0.193579464321937
"63" 0.263187507252633 0.450586280790587 0 0.418377283625115 0.193579464321937
"64" 0.064395056690702 0.495014891267386 0.933012701892219 0.739139333707139 0.193579464321937
"65" 0.620165511274473 0.231244332210612 0.75 0.58586246645897 0.193579464321937
"66" 0.595903682948535 0.342008862686687 0.75 0.759009620305355 0.193579464321937
"67" 0.987085725358994 0.446716262310528 0.75 0.571928485068234 0.193579464321937
"68" 0.753974731825975 0.413616018890745 0.75 0.531835445078378 0.193579464321937
"69" 0.664798714084296 0.302607732822732 0.75 0.648700222710401 0.193579464321937
"70" 0.642088392111599 0.353131035057895 0.75 0.754826964546064 0.193579464321937
"71" 0.709363525598786 0.34803398680346 0.75 0.753154370280777 0.193579464321937
"72" 0.74547720775658 0.458065592297103 0.933012701892219 0.674450317059976 0.193579464321937
"73" 0.664491965533429 0.342388151419472 1 0.881128575311697 0.193579464321937
"74" 0.718156709238317 0.393143867016356 0.933012701892219 0.878364907981657 0.193579464321937
"75" 0.577978735991689 0.414072830868787 0.933012701892219 0.893291799534083 0.193579464321937
"76" 0.605050452873721 0.399382099287187 0.933012701892219 0.871924749501417 0.193579464321937
"77" 0.625132073028123 0.351288984413102 1 0.910092385151991 0.193579464321937
"78" 0.451377731954453 0.361380582104205 1 0.951511986977872 0.193579464321937
"79" 0.556846807956374 0.360512404134248 0.933012701892219 0.920750373270787 0.193579464321937
"80" 0.403089481325198 0.354776928424689 0.933012701892219 0.947010764315524 0.193579464321937
"81" 0.670702760191792 0.42986476505833 1 0.874020412527078 0.193579464321937
"82" 0.562538932422114 0.4301312932893 1 0.839978089243433 0.193579464321937
"83" 0.567781581958836 0.424369684700263 0.933012701892219 0.821705933792997 0.193579464321937
"84" 0.419760947307877 0.379297803360779 0.933012701892219 0.906017700364717 0.193579464321937
"85" 0.336577351856268 0.356605422468992 0.933012701892219 0.759202030170659 0.193579464321937
"86" 0.281815131763433 0.363108775899606 1 0.96397899019595 0.193579464321937
"87" 0.28779848879777 0.372425720790731 1 0.991766044904756 0.193579464321937
"88" 0.274761286851825 0.340855037680481 1 0.891982826379609 0.193579464321937
"89" 0.316346893176956 0.310027224529333 0.933012701892219 0.875561030528691 0.193579464321937
"90" 0.165963978211341 0.22337623744014 0.933012701892219 0.779940626377341 0.193579464321937
"91" 0.189907099008787 0.228752703441397 0.933012701892219 0.752359707600584 0.193579464321937
"92" 0.213623681796071 0.255151102151826 0.933012701892219 0.822754132819418 0.193579464321937
"93" 0.247201187523083 0.272712185983336 0.933012701892219 0.894988944388861 0.193579464321937
"94" 0.199700220888684 0.201641167001221 0.933012701892219 0.819659425599683 0.193579464321937
"95" 0.20337478545171 0.200077146502621 0.933012701892219 0.739160928199456 0.193579464321937
"96" 0.165747842905964 0.182111298108724 1 0.75563021514793 0.193579464321937
"97" 0.21934489400845 0.283119033662988 1 0.82993134841277 0.193579464321937
"98" 0.471315275854837 0.36841533540248 1 0.945255399894934 0.193579464321937
"99" 0.252459448836174 0.280181981756894 0.933012701892219 0.992194706043489 0.193579464321937
"100" 0.219828326542806 0.253235300817531 1 0.969828256046773 0.193579464321937
