"bias.score" "rmse.score" "phase.score" "iav.score" "dist.score"
"1" NA NA NA NA 0.694089944125876
"2" NA NA NA NA 0.694089944125876
"3" NA NA NA NA 0.694089944125876
"4" NA NA NA NA 0.694089944125876
"5" NA NA NA NA 0.694089944125876
"6" NA NA NA NA 0.694089944125876
"7" NA NA NA NA 0.694089944125876
"8" NA NA NA NA 0.694089944125876
"9" NA NA NA NA 0.694089944125876
"10" NA NA NA NA 0.694089944125876
"11" NA NA NA NA 0.694089944125876
"12" NA NA NA NA 0.694089944125876
"13" NA NA NA NA 0.694089944125876
"14" NA NA NA NA 0.694089944125876
"15" NA NA NA NA 0.694089944125876
"16" NA NA NA NA 0.694089944125876
"17" NA NA NA NA 0.694089944125876
"18" NA NA NA NA 0.694089944125876
"19" NA NA NA NA 0.694089944125876
"20" NA NA NA NA 0.694089944125876
"21" NA NA NA NA 0.694089944125876
"22" NA NA NA NA 0.694089944125876
"23" NA NA NA NA 0.694089944125876
"24" NA NA NA NA 0.694089944125876
"25" NA NA NA NA 0.694089944125876
"26" NA NA NA NA 0.694089944125876
"27" NA NA NA NA 0.694089944125876
"28" NA NA NA NA 0.694089944125876
"29" NA NA NA NA 0.694089944125876
"30" NA NA NA NA 0.694089944125876
"31" NA NA NA NA 0.694089944125876
"32" NA NA NA NA 0.694089944125876
"33" NA NA NA NA 0.694089944125876
"34" NA NA NA NA 0.694089944125876
"35" NA NA NA NA 0.694089944125876
"36" NA NA NA NA 0.694089944125876
"37" NA NA NA NA 0.694089944125876
"38" NA NA NA NA 0.694089944125876
"39" NA NA NA NA 0.694089944125876
"40" NA NA NA NA 0.694089944125876
"41" NA NA NA NA 0.694089944125876
"42" NA NA NA NA 0.694089944125876
"43" NA NA NA NA 0.694089944125876
"44" NA NA NA NA 0.694089944125876
"45" NA NA NA NA 0.694089944125876
"46" NA NA NA NA 0.694089944125876
"47" NA NA NA NA 0.694089944125876
"48" NA NA NA NA 0.694089944125876
"49" NA NA NA NA 0.694089944125876
"50" NA NA NA NA 0.694089944125876
"51" NA NA NA NA 0.694089944125876
"52" NA NA NA NA 0.694089944125876
"53" NA NA NA NA 0.694089944125876
"54" NA NA NA NA 0.694089944125876
"55" NA NA NA NA 0.694089944125876
"56" NA NA NA NA 0.694089944125876
"57" NA NA NA NA 0.694089944125876
"58" NA NA NA NA 0.694089944125876
"59" NA NA NA NA 0.694089944125876
"60" NA NA NA NA 0.694089944125876
"61" NA NA NA NA 0.694089944125876
"62" NA NA NA NA 0.694089944125876
"63" NA NA NA NA 0.694089944125876
"64" NA NA NA NA 0.694089944125876
"65" NA NA NA NA 0.694089944125876
"66" NA NA NA NA 0.694089944125876
"67" NA NA NA NA 0.694089944125876
"68" NA NA NA NA 0.694089944125876
"69" NA NA NA NA 0.694089944125876
"70" NA NA NA NA 0.694089944125876
"71" NA NA NA NA 0.694089944125876
"72" NA NA NA NA 0.694089944125876
"73" NA NA NA NA 0.694089944125876
"74" NA NA NA NA 0.694089944125876
"75" NA NA NA NA 0.694089944125876
"76" NA NA NA NA 0.694089944125876
"77" NA NA NA NA 0.694089944125876
"78" NA NA NA NA 0.694089944125876
"79" NA NA NA NA 0.694089944125876
"80" NA NA NA NA 0.694089944125876
"81" NA NA NA NA 0.694089944125876
"82" NA NA NA NA 0.694089944125876
"83" NA NA NA NA 0.694089944125876
"84" NA NA NA NA 0.694089944125876
"85" NA NA NA NA 0.694089944125876
"86" NA NA NA NA 0.694089944125876
"87" NA NA NA NA 0.694089944125876
"88" NA NA NA NA 0.694089944125876
"89" NA NA NA NA 0.694089944125876
"90" NA NA NA NA 0.694089944125876
"91" NA NA NA NA 0.694089944125876
"92" NA NA NA NA 0.694089944125876
"93" NA NA NA NA 0.694089944125876
"94" NA NA NA NA 0.694089944125876
"95" NA NA NA NA 0.694089944125876
"96" NA NA NA NA 0.694089944125876
"97" NA NA NA NA 0.694089944125876
"98" NA NA NA NA 0.694089944125876
"99" NA NA NA NA 0.694089944125876
"100" NA NA NA NA 0.694089944125876
