"bias.score" "rmse.score" "phase.score" "iav.score" "dist.score"
"1" 0.978196430350297 0.762988588959028 1 0.596085817496958 0.867941377560041
"2" NA NA NA NA 0.867941377560041
"3" 0.507743168295763 0.505092042821921 1 0.632759235681427 0.867941377560041
"4" 0.526394271127211 0.417192350397695 1 0.568811447378276 0.867941377560041
"5" 0.497642706006246 0.338602303072465 0.0669872981077806 0.42376420138045 0.867941377560041
"6" 0.427460965521287 0.397810510765385 0.933012701892219 0.694929373384662 0.867941377560041
"7" 0.898735974966827 0.558143118916304 1 0.529636774381186 0.867941377560041
"8" 0.732688408394027 0.545031374577819 0.75 0.67577415624413 0.867941377560041
"9" 0.85382502051797 0.458541581876072 0.75 0.652005689078226 0.867941377560041
"10" 0.382216683938311 0.597215369748071 0.933012701892219 0.515275297162513 0.867941377560041
"11" 0.449965012364516 0.71160095072706 1 0.879102479045625 0.867941377560041
"12" 0.699174428151685 0.676163793774845 0.933012701892219 0.654025128066545 0.867941377560041
"13" 0.848540777223316 0.71644771814678 0.75 0.803931695796413 0.867941377560041
"14" 0.792311861359457 0.760784617864401 0.933012701892219 0.746090134007199 0.867941377560041
"15" 0.771193350611464 0.719179085146598 1 0.522989806238134 0.867941377560041
"16" 0.771609933166882 0.762691231697453 1 0.50822897568166 0.867941377560041
"17" 0.695687163276456 0.505466943202518 1 0.456005253714794 0.867941377560041
"18" NA NA NA NA 0.867941377560041
"19" 0.683997012043132 0.651423897886047 0.933012701892219 0.442893989575195 0.867941377560041
"20" 0.960427656906463 0.771569528399045 1 0.853896342369419 0.867941377560041
"21" 0.624019912156279 0.779211856083622 0.933012701892219 0.617593102744503 0.867941377560041
"22" 0.68206966577656 0.547162373525604 1 0.454427845998787 0.867941377560041
"23" 0.825385863208749 0.704697473656509 1 0.585751549495179 0.867941377560041
"24" 0.77057076639366 0.684209078300138 0.933012701892219 0.526743024709727 0.867941377560041
"25" 0.802885838685054 0.688894490019194 0.933012701892219 0.559427619384161 0.867941377560041
"26" 0.842052978244155 0.728248719220629 0.933012701892219 0.63179636044257 0.867941377560041
"27" 0.680725899093175 0.678987718634193 0.933012701892219 0.506576224843952 0.867941377560041
"28" 0.869473851486799 0.47315184653008 1 0.438688990678787 0.867941377560041
"29" 0.805671574217649 0.552967307676652 1 0.539421190541158 0.867941377560041
"30" 0.640787292929515 0.69233289959131 0.933012701892219 0.633832675163345 0.867941377560041
"31" 0.835401990277597 0.789518941806548 0.933012701892219 0.833954076490849 0.867941377560041
"32" 0.839633952056155 0.754749716650022 0.933012701892219 0.637773354935081 0.867941377560041
"33" 0.785641345713156 0.527833123126246 0.933012701892219 0.465084872119405 0.867941377560041
"34" NA NA NA NA 0.867941377560041
"35" 0.71927665929544 0.751745289090179 0.933012701892219 0.490573460647951 0.867941377560041
"36" 0.908192417537101 0.814649904618309 0.933012701892219 0.928849586408002 0.867941377560041
"37" 0.909311641467478 0.711290102801281 0.933012701892219 0.819706319387867 0.867941377560041
"38" 0.778349717157259 0.828367217594759 1 0.85174447135513 0.867941377560041
"39" 0.939453889842904 0.527094793610537 0.933012701892219 0.451271699698352 0.867941377560041
"40" 0.752310156480779 0.780625011261212 1 0.635509075197441 0.867941377560041
"41" 0.929006845747854 0.709292031134523 0.933012701892219 0.559659927788115 0.867941377560041
"42" 0.934772528201745 0.614157329267013 1 0.5108310535676 0.867941377560041
"43" NA NA NA NA 0.867941377560041
"44" 0.869483541930502 0.750493217282559 1 0.565176594438421 0.867941377560041
"45" NA NA NA NA 0.867941377560041
"46" 0.959524270024712 0.63502118412844 0.75 0.500891828625218 0.867941377560041
"47" 0.174630100640442 0.25260857381201 0.933012701892219 0.572998101568403 0.867941377560041
"48" 0.174725463341915 0.252656828076011 0.933012701892219 0.572868330052561 0.867941377560041
"49" 0.930437614069051 0.678505351741005 0.933012701892219 0.975214975189621 0.867941377560041
"50" 0.712992545554513 0.567800865020006 1 0.497442016611881 0.867941377560041
"51" 0.83440352912148 0.739234486033767 0.933012701892219 0.569721552480946 0.867941377560041
"52" 0.662823655161667 0.709427586437442 0.933012701892219 0.739375430500422 0.867941377560041
"53" 0.725771217135066 0.583449847367657 0.933012701892219 0.834147798695384 0.867941377560041
"54" 0.886530957327442 0.689827919575939 0.933012701892219 0.508201932275449 0.867941377560041
"55" 0.764048833385151 0.649615029628028 0.933012701892219 0.897333269604062 0.867941377560041
"56" 0.871499008075005 0.66308199714437 0.933012701892219 0.470840685714763 0.867941377560041
"57" 0.98990313079154 0.708559888658498 0.933012701892219 0.536900948738741 0.867941377560041
"58" 0.941628061906854 0.381995003661674 0.75 0.387022109058424 0.867941377560041
"59" 0.775380631714111 0.799537731253706 0.933012701892219 0.908492133968017 0.867941377560041
"60" 0.733759171303426 0.718356931161015 0.933012701892219 0.713118857866734 0.867941377560041
"61" 0.81902374496289 0.721634940333183 1 0.625329082144508 0.867941377560041
"62" 0.940649831889881 0.707206019422058 0.933012701892219 0.663805258043831 0.867941377560041
"63" 0.824338442934462 0.664657262394386 1 0.695788203597774 0.867941377560041
"64" 0.798880221576278 0.507737297626026 0.933012701892219 0.442802170394541 0.867941377560041
"65" 0.918244519415703 0.736803495957277 1 0.611130326224277 0.867941377560041
"66" 0.887937824554825 0.782417731289308 1 0.752207701272588 0.867941377560041
"67" 0.879027328457431 0.750883164581026 0.933012701892219 0.732432382837616 0.867941377560041
"68" 0.89735932034891 0.811720871486192 0.933012701892219 0.683383039573227 0.867941377560041
"69" 0.967417275588592 0.797636940950698 1 0.67793081544731 0.867941377560041
"70" 0.857224964975807 0.753282485409442 0.933012701892219 0.64246924552435 0.867941377560041
"71" 0.733999527463425 0.746951147863503 0.933012701892219 0.499237898418104 0.867941377560041
"72" 0.974672185153483 0.674404860621853 1 0.700077053264702 0.867941377560041
"73" 0.718262311314707 0.62834001935197 0.933012701892219 0.477052955492418 0.867941377560041
"74" 0.876952574890568 0.655791518507163 1 0.807707469327026 0.867941377560041
"75" 0.858851335259075 0.674347609243597 1 0.887844189095915 0.867941377560041
"76" NA NA NA NA 0.867941377560041
"77" 0.901764479191542 0.761901557797843 1 0.788844674419584 0.867941377560041
"78" 0.579384189793836 0.439558748104328 1 0.972868941112513 0.867941377560041
"79" 0.876314299822792 0.728369545041983 0.933012701892219 0.786141377525894 0.867941377560041
"80" 0.962179392038486 0.734348963681722 0.933012701892219 0.87278501039038 0.867941377560041
"81" 0.899176065808594 0.772933668064236 1 0.889812752773489 0.867941377560041
"82" NA NA NA NA 0.867941377560041
"83" 0.675476121864641 0.568392936599046 1 0.971032385505867 0.867941377560041
"84" 0.955589870030645 0.634248294853585 1 0.717576856653905 0.867941377560041
"85" 0.815002354025542 0.657879927406473 1 0.503816162751963 0.867941377560041
"86" 0.69687337420827 0.677982707055744 1 0.501360302959767 0.867941377560041
"87" 0.668562007807442 0.725213553088869 1 0.583084598585939 0.867941377560041
"88" 0.771747370905676 0.638746833643912 1 0.522739762531869 0.867941377560041
"89" 0.868577815826521 0.540063854322541 1 0.445828531097698 0.867941377560041
"90" 0.838673147034001 0.857221944191546 0.933012701892219 0.70203388668899 0.867941377560041
"91" 0.735237567906296 0.674524095158341 1 0.533334800924821 0.867941377560041
"92" 0.892162244746487 0.668082300509513 1 0.503900277764762 0.867941377560041
"93" 0.914212049295777 0.710307945739496 0.933012701892219 0.792267772908226 0.867941377560041
"94" 0.91661822521682 0.765979549452354 0.933012701892219 0.605034330622518 0.867941377560041
"95" 0.893823446111365 0.788730852273684 1 0.680909136820487 0.867941377560041
"96" 0.983384105218787 0.716498860116624 1 0.891769872902093 0.867941377560041
"97" 0.808850231146525 0.497820878199338 0.933012701892219 0.424768218054153 0.867941377560041
"98" 0.851495029747041 0.700716153047233 0.933012701892219 0.731611449588679 0.867941377560041
"99" NA NA NA NA 0.867941377560041
"100" 0.760016102987405 0.723516930346679 1 0.539598042488233 0.867941377560041
