"zone" "GPP.MODIS.mod.mean" "LAI.AVHRR.mod.mean" "GPP.MODIS.ref.mean" "LAI.AVHRR.ref.mean" "GPP.MODIS.bias" "LAI.AVHRR.bias" "GPP.MODIS.mod.sd" "LAI.AVHRR.mod.sd" "GPP.MODIS.ref.sd" "LAI.AVHRR.ref.sd" "GPP.MODIS.crmse" "LAI.AVHRR.crmse" "GPP.MODIS.mod.max.month" "LAI.AVHRR.mod.max.month" "GPP.MODIS.ref.max.month" "LAI.AVHRR.ref.max.month" "GPP.MODIS.phase" "LAI.AVHRR.phase" "GPP.MODIS.mod.iav" "GPP.MODIS.ref.iav" "LAI.AVHRR.mod.iav" "LAI.AVHRR.ref.iav" "GPP.MODIS.bias.score" "GPP.MODIS.iav.score" "GPP.MODIS.phase.score" "GPP.MODIS.rmse.score" "LAI.AVHRR.bias.score" "LAI.AVHRR.iav.score" "LAI.AVHRR.phase.score" "LAI.AVHRR.rmse.score"
"1" -57.20663 NA NA NA NA NA NA NA NA NA NA NA NA NA NA NA NA NA NA NA NA NA NA NA NA NA NA NA NA NA NA
"2" -51.627 1.56714993715286 0.961505353450775 0.657213047146797 0.700394883751869 0.909936860203743 0.261110481806099 1.09396758675575 0.394368298351765 0.607787400484085 0.278384603559971 0.637513428926468 0.323706105351448 6.5 1.5 12 3.5 0.5 2 0.247013077139854 0.134642589837313 0.150349475443363 0.123242575675249 0.337081119418144 0.417512536048889 0.966506361961365 0.407663732767105 0.545105800032616 0.620719432830811 0.625 0.290597707033157
"3" -48.83718 1.13788369297981 0.628640905022621 0.202871557325125 0.38392062485218 0.935012102127075 0.244720270857215 0.85052427649498 0.319453217089176 0.207365445792675 0.180495984852314 0.663465932011604 0.280708461999893 6.5 1.5 12 4.5 0.5 3 0.216505885124207 0.0493996515870094 0.124423768371344 0.0444525107741356 0.0105948462150991 0.0341454278677702 0.966506361961365 0.0360311390832067 0.492376290261745 0.150640312582254 0.5 0.204578556120396
"4" -46.04737 2.08825297653675 1.72670584917068 1.57002811320126 1.83107352256775 0.518224846571684 -0.10436770816644 1.37642151117325 0.561781416336695 1.1742326086387 0.491091052691142 0.595333456993103 0.475776453812917 6 6 6.5 2.66666666666667 0.5 2.66666666666667 0.283715680241585 0.258393487194553 0.127664903799693 0.242067554965615 0.437232553962982 0.344745799899273 0.9375 0.392149432278055 0.503075376152992 0.356696768120552 0.583333340783914 0.320290687183539
"5" -43.25755 2.39718171209097 1.67294535785913 0.985110301524401 0.940794013440609 1.41207138448954 0.732151352334768 1.43005850166082 0.529992915689945 0.731115366332233 0.253026744350791 0.780530519783497 0.487839013338089 6 7 6 5.75 0 3.75 0.298193421214819 0.156810930930078 0.193055164068937 0.108075194526464 0.110428669063918 0.457232287314014 1 0.238376186844107 0.240885429782793 0.426185351895583 0.345993649214506 0.160608337260783
"6" -37.67792 2.67789634466171 1.82044393420219 2.73585439324379 1.93182435631752 -0.0579580169171095 -0.111380415409803 1.36073798537254 0.406082266569138 1.7811041623354 0.467117549479008 1.39451578855515 0.546687893569469 11.2 8.3 6.1 6.8 1.3 1.9 0.861539870500565 0.555872422456741 0.300872854143381 0.260703665576875 0.573292648047209 0.533176323398948 0.859807634353638 0.415100486576557 0.39504332523793 0.691033349721693 0.723205091804266 0.270887073874474
"7" -34.8881 2.18304771184921 1.06901326477528 2.24609846147624 0.990127992630005 -0.0630507685921409 0.0788852941244841 1.19017164002765 0.373771135509014 1.57886539264159 0.436246033012867 1.38663477518342 0.526214141398668 7.90909090909091 6.4 5.72727272727273 7.7 0.909090909090909 1.5 0.863484915007244 0.600960367782549 0.312990103662014 0.209444625303149 0.590708655389872 0.530159434811635 0.901369419964877 0.390820319002325 0.506894898414612 0.449178592860699 0.829903817176819 0.294128553569317
"8" -32.09829 1.86576551757753 1.22677510680461 2.13302644172853 0.912271051244302 -0.2672609441321 0.314504064069214 0.885617580264807 0.26608108102598 1.27094345031814 0.291835794056004 0.978527747771957 0.34790179235014 8.5 7.31818181818182 5.31818181818182 7.59090909090909 1.45454545454545 1.36363636363636 0.61012338982387 0.497942752966827 0.23354212905873 0.157649297648194 0.566731978546489 0.564945636486465 0.78023016655987 0.378270048309456 0.294157154678198 0.448586849045982 0.819594958627766 0.286093755540523
"9" -29.30847 1.88699580439263 1.48775866268099 1.77605884442865 0.865108693087542 0.110936938698783 0.622649975327982 0.743275718315056 0.218093012959731 1.07883343852505 0.279947729298362 0.758446842845943 0.313147578802374 6.81481481481481 6.07407407407407 3.77777777777778 6.48148148148148 1.77777777777778 1.22222222222222 0.469553470266638 0.409774742641107 0.18751353234984 0.128732884302735 0.630535507091769 0.591647318667836 0.736930168061345 0.411275308441233 0.20188565673824 0.478620151609734 0.838782019085354 0.310652587976721
"10" -23.72884 2.21326091808151 1.33481325508494 2.35456311072533 1.05351790839008 -0.141302202867034 0.281295342004991 1.24979045707344 0.431750814496939 1.28971703834056 0.286525430689965 1.10542326058106 0.444761474749872 3.3 3.5 3.5 4.89285714285714 0.933333333333333 2.39285714285714 0.808510363099049 0.544909645267762 0.338102622523106 0.163008809887937 0.471198218304198 0.472404038240196 0.900437998771668 0.342709049438903 0.314355779882005 0.271692170661059 0.624358962955219 0.202472599909275
"11" -20.93902 2.63452815517667 1.36233059587258 2.8946985884686 1.03446109352573 -0.260170406683756 0.32786951009785 1.37205481244018 0.431561273612803 1.48299872712232 0.312578621410554 1.19654413650278 0.438791679038155 2.25 3.29032258064516 2.09375 3.41935483870968 0.65625 1.16129032258065 0.84095531218918 0.613450823002495 0.298946988228108 0.159697395779433 0.515356175150373 0.505088156322017 0.941536419093609 0.376898470596643 0.372908090331381 0.351534549338413 0.843455307666332 0.242503381784885
"12" -18.14921 3.23922613299181 1.98671670605739 3.57968830629703 1.31523851354917 -0.340462153409458 0.671478212190171 1.79725095521538 0.579090026021004 1.79376972767134 0.381366426497698 1.29953735538067 0.536944944163164 2.45161290322581 3.76666666666667 3.32258064516129 3.43333333333333 0.870967741935484 1.2 0.789262862395375 0.631279577651331 0.302213222781817 0.189448379414777 0.606236624381235 0.656358606392337 0.907392432612757 0.44999719831732 0.379890092727146 0.468035243048022 0.840470060457786 0.248839728658398
"13" -15.35939 3.95584971564157 2.37361780660493 4.82086677636419 1.82253534879003 -0.865017029722886 0.551082476707441 2.10639847176416 0.706016094290784 1.99694609003408 0.451018911387239 1.53189701054777 0.665589645504951 2.82142857142857 4.14285714285714 2.5 4.60714285714286 0.964285714285714 1.67857142857143 0.780357248016766 0.640029476689441 0.282632218673825 0.225188688375056 0.551748404279351 0.703211736466203 0.910542530672891 0.445461615387882 0.334647281203485 0.519490184794579 0.757646492549351 0.236409936499383
"14" -12.56958 4.76787091294924 3.23645976185799 5.38871678213278 2.53997370849053 -0.620845897278438 0.696486075874418 2.21731636549036 0.788428318686783 1.68328687548637 0.564489635949334 1.65337814514836 0.877155795693398 3.04166666666667 5 6.75 5.70833333333333 1.54166666666667 2.125 0.674172279424965 0.672281404957175 0.27814856901144 0.295512220511834 0.600564346027871 0.796922801683346 0.795753180980682 0.374681806502243 0.333107990275797 0.576973016373813 0.696420909836888 0.227403331858416
"15" -9.77976 4.96385859489441 3.34146711826324 6.43089787483215 2.86849255084991 -1.46703931957483 0.472974512428045 2.35967277646065 0.861140960454941 1.99670433521271 0.697312014102936 1.88101965904236 0.970777187347412 3.04 4.84 7 6.12 1.64 2.24 0.792210031151772 0.854672529697418 0.301320132613182 0.332366847395897 0.526896619051695 0.776960324048996 0.768564072549343 0.389764687865973 0.380982676949352 0.608077022433281 0.671243565380573 0.26061567902565
"16" -6.98994 5.92956043879191 4.07222286462784 6.67417368888855 3.1094362894694 -0.744613226503134 0.962786573916674 1.76038157542547 0.510381348182758 1.93796566128731 0.699437153339386 1.87959830760956 0.82683200041453 5.83333333333333 5.56666666666667 7.16666666666667 6.6 1.6 2.96666666666667 0.679478133966525 0.845965194702148 0.279814305156469 0.359463708599408 0.557832817236582 0.689087897539139 0.782136727124453 0.375326863179604 0.38332392378943 0.584465793023507 0.542702969660362 0.309351740901669
"17" -4.20013 6.50458115339279 4.01300280690193 6.4874534368515 3.44737346569697 0.0171277115742366 0.565629348158836 1.38917895257473 0.372558315346638 1.52024033665657 0.699889114499092 1.66340142289797 0.699677167336146 6.13333333333333 7.4 7.6 6.23333333333333 2.06666666666667 2.3 0.654002359757821 0.791210299730301 0.237117079893748 0.408052475253741 0.399681930989027 0.597037552793821 0.686602545529604 0.336272544165452 0.313537335985651 0.576909219225248 0.649401698013147 0.373642630378405
"18" -1.41031 7.07808783547632 4.2650286629796 5.74814835910139 3.75636911817959 1.3299394434896 0.508659476547369 1.00397867015724 0.254590426172529 1.21957828258646 0.661642502461161 1.59317801738607 0.670980703617845 7.27586206896552 7.53571428571429 7.55172413793103 7.28571428571429 2.68965517241379 2.32142857142857 0.727414745965908 0.700413308266936 0.225306968869908 0.449330101587943 0.357204426529593 0.543035176293603 0.553415112454316 0.288739294070622 0.40639443575388 0.579308270343712 0.651144677240934 0.361062598015581
"19" 1.3795 6.64879097683089 3.87990724508251 5.43534633730139 3.63884280728442 1.21344461185592 0.241064443386027 1.07096481642553 0.290267045742699 1.12098541004317 0.608321289931025 1.53747143702848 0.652649333434446 7 7.92857142857143 7 6.75 2.71428571428571 2.60714285714286 0.737796064998422 0.691741411175047 0.250367804829563 0.436623246542045 0.372298108596754 0.595522581998791 0.566643769985863 0.285022606807096 0.390087666854795 0.624943870518889 0.562500004789659 0.344896937587432
"20" 4.16932 5.88220909858743 3.76795430667698 5.07167496159673 3.14139309898019 0.8105342015236 0.626561246191462 1.33012741990387 0.325526129764815 1.24274076273044 0.574383965382973 1.39100716883938 0.604988317936659 8.04166666666667 9.66666666666667 7.5 6.83333333333333 2.20833333333333 2.5 0.658254385615389 0.679779411604007 0.206042467306058 0.356786290494104 0.511990976946739 0.732447545975447 0.668709926617642 0.3383586636434 0.413822335753745 0.611532309403022 0.590958868153393 0.355978159854809
"21" 6.95914 5.07855862963559 3.048901783463 4.93695320445916 2.34881529314765 0.141605392098427 0.700086503048781 1.81660266104957 0.626228573860536 1.47097480913688 0.628029778856656 1.44835098858537 0.773604484210754 8.44827586206897 10.0689655172414 8.31034482758621 7.55172413793103 2 2.58620689655172 0.72882342717514 0.63942105194618 0.272367846092273 0.314942896623036 0.478967647164546 0.651371303303488 0.707968590845322 0.367790660981474 0.336763521303134 0.651705835399957 0.585587965774125 0.314415655516345
"22" 9.74895 3.91220448107924 1.88818336654485 4.0332409942057 1.63640495029188 -0.121036499505863 0.251778425168126 2.27504662747378 0.715835326249831 1.86630114400759 0.609472479310728 1.52505214978009 0.712994809592924 8.78125 9.38709677419355 8.90625 7.61290322580645 0.8125 1.83870967741935 0.827195425794343 0.615074141183868 0.279048951008477 0.249091074711853 0.615883801016025 0.660145968664438 0.900941476924345 0.42230237252079 0.524445432396005 0.659842596900079 0.749844867856272 0.325016348352355
"23" 12.53877 3.29668692798065 1.507588737853 3.15393250846657 1.27555487587534 0.142754415628211 0.232033840926557 2.24778959482651 0.556963617463821 1.59938842077451 0.498685861584441 1.69008739671574 0.568481708523528 9.10344827586207 9.27586206896552 8.37931034482759 9 1 0.96551724137931 1.0358721146617 0.508271823027011 0.265743669708548 0.203010617402093 0.598191951417589 0.409482118238069 0.873452663421631 0.341796312609623 0.495905098794349 0.521080876202804 0.906697552779625 0.302521733631348
"24" 15.32858 2.15964034825618 1.61957093631849 2.10966830563677 1.32939159721136 0.0499720340868568 0.290179340727627 0.975573461612358 0.327176153920591 0.80165779119467 0.377679948955774 0.955042784869233 0.480311949253082 8.5 9 7.97058823529412 8.08 1.64705882352941 2.04 0.542013552642482 0.313313435817904 0.216404736675322 0.204716096296906 0.579386248746339 0.48523348673959 0.786095347693738 0.324219002114499 0.378884338568896 0.445350241232663 0.676602547466755 0.283504831884056
"25" 18.1184 1.63140791094614 2.84877871827069 1.7379986463492 2.10651372905288 -0.106590752162548 0.742265017437083 0.597727805968336 0.423675352049551 0.624777606832342 0.600304038929088 0.515610492511365 0.639069787625756 6.36111111111111 8.64285714285714 7.36111111111111 9.35714285714286 1.33333333333333 1.85714285714286 0.356430345794075 0.227414385092642 0.301706729602821 0.319877040971603 0.466887009970806 0.523813647711102 0.823032373769416 0.36787215198445 0.256041663698852 0.567545638719041 0.704716108207192 0.336613353874002
"26" 20.90822 1.45552551190402 2.67139798104763 1.56147218353399 1.91548687567314 -0.105946632509772 0.755911107361317 0.668865331403186 0.549551819016536 0.667554380847436 0.651268981645505 0.555676160448795 0.724475284665823 5.07692307692308 10.2666666666667 6.51282051282051 9.06666666666667 1.48717948717949 1.33333333333333 0.391218959661355 0.202329850511887 0.384886227423946 0.327311243613561 0.508524935719941 0.385114933769835 0.794748483560024 0.370797116820861 0.437411584708995 0.451083211104075 0.803269211451213 0.317442581057549
"27" 23.69803 1.93620345146436 3.09091537410305 1.67365182137791 1.6127459261389 0.262551624733898 1.4781694224193 0.781545107837227 0.466913737755801 0.810253159318348 0.556309673048201 0.646817414597884 0.698753129513491 4.82222222222222 9.80952380952381 6.08888888888889 9.33333333333333 1.53333333333333 1.80952380952381 0.477238313391071 0.269061984271449 0.391868728634325 0.326060434537275 0.504316126433678 0.420950625739351 0.785804807808664 0.356356807000294 0.22217013967193 0.340066619727406 0.760195325527872 0.272756615919726
"28" 26.48785 1.93305793342997 2.97663931517551 1.58606528820335 1.42529137680928 0.346992654896858 1.55134793805579 0.7639583956448 0.453213713752727 0.872824016226805 0.524144496768713 0.620448530369322 0.641767371445894 5.24 8.29166666666667 5.84 8.75 1.48 2.20833333333333 0.422986354630602 0.266280833221681 0.365505703724921 0.282034005814542 0.468918327575404 0.472804594329728 0.791243563145399 0.383290868236176 0.107677288353443 0.459844445431372 0.660336517107983 0.27186956241106
"29" 29.27766 1.6329005325621 1.96181043346402 1.36984228536338 1.05704816024412 0.263058257664935 0.904762279214055 0.776299436881841 0.42028538802502 0.99679199492199 0.454610273467772 0.664169638745741 0.52745661568461 5.12727272727273 7.81818181818182 6.16363636363636 7.48484848484848 2.16363636363636 2.03030303030303 0.348447356334468 0.260597880579404 0.238379637949072 0.211508276533674 0.456740687533536 0.534930927577344 0.66176572130485 0.398219420680438 0.206654119125398 0.489623950310157 0.700485622340983 0.289492102226976
"30" 32.06748 1.79071740502471 1.81843930255068 1.55814406182617 0.970883155996735 0.232573352977992 0.847556154262526 0.984336094906142 0.4840647181861 1.19939428902804 0.47772710095789 0.846362002520786 0.558153861076445 5.82692307692308 7.56756756756757 5.61538461538461 6.43243243243243 1.44230769230769 2.05405405405405 0.418073734525443 0.2768601856481 0.253820110464821 0.152577697928693 0.506051373982095 0.506555161117521 0.81171716721012 0.371287967936812 0.310119162628276 0.404054661518883 0.716571350355406 0.265532699589794
"31" 34.8573 1.84974785388078 1.51889524934813 1.70389543200254 0.841384687545625 0.14585240909651 0.677510581698946 1.25221023098829 0.560386461883106 1.48555664579771 0.43142080577937 0.911100074543424 0.52747660824521 5.90566037735849 7.36363636363636 6.20754716981132 6.20454545454545 0.981132075471698 1.79545454545455 0.512916352301133 0.341663960360852 0.260696023448624 0.125415960538455 0.610854949192627 0.515154373884197 0.889477460733 0.403210651672369 0.321108022063196 0.343485987747871 0.748368263752623 0.266547392545776
"32" 37.64711 1.73383424443386 1.16895345704896 1.87250671444355 0.856063846321333 -0.138672458719603 0.312889617030686 1.42576141260072 0.660974117084628 1.7584970791666 0.486225930264308 1.11517193337094 0.557625888713769 5.9622641509434 7.35714285714286 6.58490566037736 6.52380952380952 1.07547169811321 1.54761904761905 0.533902134851746 0.367540873288405 0.27124931246397 0.121850056706795 0.662617509446616 0.608806114011216 0.883157905542626 0.458102172556913 0.432642557103896 0.373032521212562 0.784432206835066 0.304357162632403
"33" 40.43693 1.78125155658138 1.35073053367022 2.025419468952 0.992050175865491 -0.244167902342131 0.358680344786909 1.55614401296302 0.726314044247071 2.10611281113135 0.595174309776889 1.29938401213168 0.607668803301122 6.23728813559322 7.42222222222222 6.47457627118644 6.62222222222222 0.677966101694915 1.06666666666667 0.616110484865573 0.363279160477667 0.282109838900053 0.153194345161319 0.691807304903612 0.550244675428307 0.929546901735209 0.478495108121533 0.439429178205319 0.379229734610352 0.889472887251112 0.351521928277281
"34" 43.22674 2.04688487141096 1.55835525761815 2.19798161890358 1.0416301751838 -0.151096748669321 0.516725077202507 1.8906324776742 0.842778386589249 2.46473921833094 0.706684832844664 1.37940982910804 0.680788083403718 6.48333333333333 7.84313725490196 6.58333333333333 6.88235294117647 0.5 1.23529411764706 0.635575720232312 0.41756484337966 0.26891690455651 0.167852266326401 0.722912232081095 0.511295298611124 0.949620695908864 0.522296769420306 0.445621943872752 0.52099940188083 0.871398893057131 0.373932096376723
"35" 46.01656 1.91361167952489 1.4016202459261 2.05305026358727 1.02930426434614 -0.139438578759644 0.372315991378855 1.8797492293895 0.73370703004548 2.37843392766786 0.696696033526678 1.12658042889653 0.577928722137585 6.40909090909091 8.078125 6.5 6.703125 0.545454545454545 1.46875 0.546760292826079 0.424429625498526 0.227574029027892 0.154655419377377 0.780973865678816 0.585071037890333 0.95439972299518 0.550671020240495 0.415912629105151 0.56141732854303 0.816050653462298 0.405349454144016
"36" 48.80638 1.89475721926687 1.46319560932979 2.02990742203676 1.06519375844962 -0.135150203229083 0.398001848254353 1.95641745202657 0.680516653099201 2.51232441111157 0.776991363304357 1.29844402014795 0.66204866177092 6.77777777777778 8.43055555555556 6.54166666666667 6.66666666666667 0.375 1.81944444444444 0.581673689716909 0.471335828588862 0.249768111224209 0.184465307173216 0.772751669916842 0.580180444030298 0.974879771471024 0.568320410119163 0.480478901209103 0.559816715928415 0.762393130196465 0.406917327394088
"37" 51.59619 2.12709643634466 1.77299080916533 1.89918287747946 1.12138203139368 0.227913545826689 0.651608780232652 2.27179984786572 0.691587445179099 2.43035516524926 0.825692565621514 1.32961565141494 0.73054214292451 6.96153846153846 8.80263157894737 6.73076923076923 6.78947368421053 0.307692307692308 2.01315789473684 0.599064677189558 0.438152036987818 0.274466323911359 0.205570142520101 0.743598264379379 0.639191919030287 0.977901024696154 0.572778056447323 0.457051281327088 0.58478893372414 0.729963707296472 0.407016222977913
"38" 54.38601 2.37918674619231 2.01555315104883 1.89825291666266 1.18609915117719 0.480933814169201 0.82945399542353 2.65521950917701 0.798975284419843 2.5332186883443 0.936636039125386 1.31513175572435 0.749932486619522 7.08219178082192 8.85074626865672 6.82191780821918 6.82089552238806 0.26027397260274 2.02985074626866 0.603264594118889 0.410094531635716 0.249402018514142 0.213420022890639 0.723919799883072 0.626609861452056 0.982564955541532 0.574600662678888 0.435991502332209 0.626835144277829 0.731539402435075 0.437377712619838
"39" 57.17582 2.38447495911803 2.1323356206928 1.84700584837369 1.24380763428552 0.537469086144119 0.888527990292226 2.72418861133712 0.801291621795722 2.51964717592512 0.950384904444218 0.978387229783194 0.682159276732377 7.14285714285714 8.7 6.88571428571429 6.98571428571429 0.257142857142857 1.71428571428571 0.459390310517379 0.376679629513196 0.178671469486185 0.233978608676365 0.773790422720569 0.703779595797615 0.982774700437273 0.653121731323855 0.413979615084827 0.722787699529103 0.798461505344936 0.473307644469397
"40" 59.96564 2.0943848380917 1.98729883869217 1.52233592087501 1.25773170059674 0.572048917927436 0.729567145239817 2.51608943605894 0.678360476171317 2.15514999079077 0.906233019004129 0.984328624449278 0.664400914760485 7.21052631578947 8.50684931506849 7 7 0.210526315789474 1.50684931506849 0.380787700463675 0.336326877733594 0.137646531558608 0.225003452690905 0.743543709187131 0.734731317130162 0.98589741556268 0.622362232423927 0.417605350636048 0.675904931679164 0.840252850153675 0.465180848967539
"41" 62.75546 1.57024587048539 1.58390096098531 1.15746927466886 1.02781534870697 0.41277659167375 0.55608561114668 2.00822773430197 0.532550483465541 1.76982473487827 0.760057782667667 0.944068179690632 0.596856797070697 7.24137931034483 8.37209302325581 7.01149425287356 7.01162790697674 0.229885057471264 1.36046511627907 0.317219700964018 0.322870768585253 0.118591916335877 0.210084290958421 0.747245436084682 0.724995376392343 0.984600626189133 0.583554030834943 0.434736554272646 0.66483977783558 0.86548517748367 0.441271893853365
"42" 65.54527 0.991552139884637 1.09858742673346 0.782464430492837 0.87746865817524 0.209087709338443 0.221118762623519 1.39652506149529 0.408315449467603 1.30325228703441 0.522708473608215 0.726477919903118 0.464496061760694 7.33333333333333 8.24468085106383 7 7.03191489361702 0.333333333333333 1.21276595744681 0.235659249262729 0.271609425719362 0.101139393783709 0.181292398694031 0.782610585225547 0.735783284341058 0.977670907974243 0.566456375954171 0.455351129768694 0.666687716194924 0.890179958749325 0.39426876018022
"43" 68.33509 0.608363338691984 0.662696055908937 0.498692745700219 0.75776859350139 0.109670592228297 -0.0950725370181849 0.97543217421531 0.361532140682202 0.897904254441951 0.373153990793337 0.528049768360202 0.378614888594645 7.33720930232558 8.12195121951219 7 7.1219512195122 0.337209302325581 1.02439024390244 0.190942000857619 0.221738124098412 0.105581522328643 0.168474373543953 0.763686835378391 0.73607113977304 0.977411267369293 0.53215399367973 0.496657889972373 0.697657645839017 0.911948800086975 0.346613452747101
"44" 71.1249 0.385198639591738 0.42739037305794 0.275020511286352 0.593375292860649 0.110178123142722 -0.165984920077873 0.678960404986022 0.27373807576739 0.540821204180544 0.282948423600332 0.376594754173515 0.295252283527092 7.42857142857143 8.31818181818182 7.04081632653061 7.63636363636364 0.63265306122449 0.954545454545455 0.157192606630982 0.156259518487341 0.0915184647522189 0.155517232858322 0.76575502935721 0.699159250518649 0.945414655062617 0.491546484470672 0.440737038004127 0.707388652996583 0.912325122139671 0.335852713578127
"45" 73.91472 0.145837620756356 0.240434479254943 0.168949222494848 0.493871397697009 -0.0231116025242954 -0.253436921307674 0.276672979944851 0.139423794041459 0.357414363417774 0.220715546264098 0.198288180003874 0.179672452119681 7.75 8.15384615384615 7.05 8.46153846153846 0.8 0.615384615384615 0.0714970226865262 0.127555445535108 0.0579613579007295 0.150785367362774 0.821487228455953 0.598422615788877 0.946410179138184 0.514046054223127 0.323466431779357 0.559125519715823 0.923076923076923 0.424614910896008
"46" 79.49435 0.00642347929533571 0.0169680956751108 0.0147271491005085 0.185019761323929 -0.00830366980517283 -0.168051660060883 0.0180339482612908 0.0185872372239828 0.0392430482897907 0.158028468489647 0.0326720755547285 0.157135471701622 4.25 8 7 9 3.25 1 0.0114602709654719 0.0192861282266676 0.0156694985926151 0.0288753621280193 0.742821335792542 0.355080720037222 0.483253180980682 0.348752059042454 0.345270723104477 0.632964968681335 0.933012723922729 0.369964152574539
"47" 82.28417 NA NA NA NA NA NA NA NA NA NA NA NA NA NA NA NA NA NA NA NA NA NA NA NA NA NA NA NA NA NA
"48" 85.07398 NA NA NA NA NA NA NA NA NA NA NA NA NA NA NA NA NA NA NA NA NA NA NA NA NA NA NA NA NA NA
"49" 87.8638 NA NA NA NA NA NA NA NA NA NA NA NA NA NA NA NA NA NA NA NA NA NA NA NA NA NA NA NA NA NA
