"bias.score" "rmse.score" "phase.score" "iav.score" "dist.score"
"1" 0.739712924158616 0.398049310423078 0.933012701892219 0.813861469820348 0.835084619622959
"2" 0.863106016900259 0.425876167288062 0.75 0.835938973880376 0.835084619622959
"3" 0.975901617703599 0.3159321540356 0.933012701892219 0.877646623639598 0.835084619622959
"4" 0.150770904942627 0.174801621065042 0.933012701892219 0.453042482731816 0.835084619622959
"5" 5.06823030403744e-07 0.0128228300556052 0.933012701892219 0.544181242370136 0.835084619622959
"6" 0.548407473881352 0.176272328667868 0.5 0.80136076486905 0.835084619622959
"7" 0.695621301460654 0.488222771088188 0.5 0.965975499662347 0.835084619622959
"8" 0.34927306830513 0.290408800101005 0.933012701892219 0.620235764912538 0.835084619622959
"9" 0.320530090421434 0.198480261292846 0.933012701892219 0.424018261887195 0.835084619622959
"10" 0.494330397778327 0.529820676526925 1 0.520262677029505 0.835084619622959
"11" 0.466265039587517 0.572269881911058 0.933012701892219 0.922614105814005 0.835084619622959
"12" 0.191220471799363 0.138833022881648 1 0.78168631314406 0.835084619622959
"13" 0.607859137306842 0.14651889641598 0.5 0.442090391225982 0.835084619622959
"14" 0.659475179049316 0.526042161562086 1 0.620951395270609 0.835084619622959
"15" 0.563535277996499 0.575489703597075 0.933012701892219 0.673763882651582 0.835084619622959
"16" 0.827635066299073 0.615499881876377 0.933012701892219 0.600965115378841 0.835084619622959
"17" 0.644907563725699 0.469833035608604 1 0.961164095759748 0.835084619622959
"18" NA NA NA NA 0.835084619622959
"19" 0.455209919815973 0.404938934109635 1 0.528047627206419 0.835084619622959
"20" 0.625750747488235 0.221304568989747 0.5 0.941935294240012 0.835084619622959
"21" 0.923234150205174 0.696223231672256 0.933012701892219 0.824579699604389 0.835084619622959
"22" 0.871464501984977 0.704393761097247 0.933012701892219 0.703880395677012 0.835084619622959
"23" 0.952663367307688 0.269198651266827 0.75 0.972885528512107 0.835084619622959
"24" 0.747480763169305 0.276980021898699 0.75 0.671396898738383 0.835084619622959
"25" 0.747247024806401 0.267648628388925 0.75 0.677829454898924 0.835084619622959
"26" 0.791776382944142 0.278566799537337 0.75 0.645300786944327 0.835084619622959
"27" 0.879569191650001 0.651615301965131 0.933012701892219 0.723146165493982 0.835084619622959
"28" 0.571939550017138 0.303419875095909 0.75 0.632646689962239 0.835084619622959
"29" 0.256555955420701 0.40000843388384 1 0.617785123646568 0.835084619622959
"30" 0.25264414187531 0.338645216524615 1 0.858936420205088 0.835084619622959
"31" 0.824104371722501 0.43505046179054 0.5 0.650928590847718 0.835084619622959
"32" 0.903655290452198 0.531050331161457 1 0.739114165428122 0.835084619622959
"33" 0.699365388058148 0.490462461661681 1 0.883971176968654 0.835084619622959
"34" 0.91595819365372 0.633628764836602 1 0.987699381248809 0.835084619622959
"35" 0.878970423981241 0.651252642393798 1 0.685487257150219 0.835084619622959
"36" 0.719304251466209 0.678521390811264 1 0.859860660663949 0.835084619622959
"37" 0.939505909594805 0.58142319403692 1 0.658546306265922 0.835084619622959
"38" 0.722568699032223 0.485903392257099 1 NA 0.835084619622959
"39" 0.203715150342361 0.155075412230718 0.25 0.466897523677682 0.835084619622959
"40" 0.764892044827968 0.574525781278868 0.933012701892219 0.785068024021859 0.835084619622959
"41" 0.416624608367789 0.212048186088613 0.25 0.658319406866051 0.835084619622959
"42" 0.642525126495398 0.465361960492871 0.75 0.855607289441258 0.835084619622959
"43" 0.590691293177247 0.481770619794913 0.75 0.762007918787754 0.835084619622959
"44" 0.463106869520761 0.501217238142335 0.933012701892219 0.909174913182689 0.835084619622959
"45" NA NA NA NA 0.835084619622959
"46" 0.63915150437852 0.540436218954439 1 0.703692539025772 0.835084619622959
"47" 0.211553804060057 0.245472591801085 0.933012701892219 0.219729083782026 0.835084619622959
"48" 0.187255596808626 0.262809816051574 0.933012701892219 0.267794415594585 0.835084619622959
"49" 0.354672534284585 0.182530155287082 0.75 0.864641557189666 0.835084619622959
"50" 0.276338915528992 0.228825625863322 0.5 0.572377294722827 0.835084619622959
"51" 0.616388841515374 0.515239022445399 0.75 0.595331138596488 0.835084619622959
"52" 0.422202232940497 0.466555960163532 0.75 0.438396982493409 0.835084619622959
"53" 0.25429487324633 0.156316367444224 0.75 0.822161679766584 0.835084619622959
"54" 0.432344052332217 0.392190785683913 1 0.247338214060097 0.835084619622959
"55" 0.319483741537535 0.28112183653679 0.75 0.681115028899422 0.835084619622959
"56" 0.369182234192007 0.498840494280477 0.933012701892219 0.660399907262718 0.835084619622959
"57" 0.570269512190028 0.548973498867077 1 0.862409967514287 0.835084619622959
"58" 0.819520536015227 0.460925053294697 0.75 0.58372860710198 0.835084619622959
"59" 0.214287712247995 0.215744225047156 1 0.746290892163434 0.835084619622959
"60" 0.236771786088065 0.238458601073523 1 0.818984302716354 0.835084619622959
"61" 0.890913337601318 0.476317420464091 0.933012701892219 0.985292725595083 0.835084619622959
"62" 0.712513685385558 0.362368527851578 0.75 0.680131349312119 0.835084619622959
"63" 0.619480007495356 0.350588384969298 1 0.702680115976776 0.835084619622959
"64" 0.855094263189727 0.472384110814442 0.933012701892219 0.681591476239052 0.835084619622959
"65" 0.805677223337654 0.602442967402494 1 0.873514112697576 0.835084619622959
"66" 0.651267309007888 0.554460410456772 1 0.609783011906854 0.835084619622959
"67" 0.93163272759582 0.525966883266786 0.933012701892219 0.782506956539314 0.835084619622959
"68" 0.95962946628615 0.590058245903357 1 0.735223544358529 0.835084619622959
"69" 0.653553909454358 0.588422754368472 1 0.857229923250274 0.835084619622959
"70" 0.816648934053986 0.504177027877229 0.75 0.850117923054711 0.835084619622959
"71" 0.689379979390655 0.262371662081583 0.75 0.385901528263389 0.835084619622959
"72" 0.401411910136138 0.554413447360073 1 0.813480296420445 0.835084619622959
"73" 0.867547330448838 0.446346741857819 0.933012701892219 0.29019424669254 0.835084619622959
"74" 0.813808676236498 0.507334953659629 0.933012701892219 0.903700592891485 0.835084619622959
"75" 0.396227532794355 0.230209300068447 1 0.861128746160553 0.835084619622959
"76" NA NA NA NA 0.835084619622959
"77" 0.904008321024236 0.581310638648603 1 0.947414600148191 0.835084619622959
"78" 0.915817725724821 0.38592326030783 0.5 0.932574626036422 0.835084619622959
"79" 0.988653698150289 0.516305636540095 0.75 0.921135771641593 0.835084619622959
"80" 0.94775527943874 0.411452426441761 0.75 0.764509409066718 0.835084619622959
"81" 0.942421657004867 0.513048059545971 0.75 0.881630311014336 0.835084619622959
"82" 0.775901962671122 0.403244299307082 0.25 0.694217982456618 0.835084619622959
"83" 0.843626941896115 0.473275338410519 0.75 0.627601018627678 0.835084619622959
"84" 0.766645035816593 0.259049383217502 0.75 0.52447046622502 0.835084619622959
"85" 0.884552541932358 0.449455008796486 0.933012701892219 0.926295270347999 0.835084619622959
"86" 0.78641829196742 0.567912736091985 0.933012701892219 0.554538962488653 0.835084619622959
"87" 0.792460403234769 0.61730754847872 0.933012701892219 0.737772296652191 0.835084619622959
"88" 0.836848338186692 0.526410869373062 0.933012701892219 0.561458918543086 0.835084619622959
"89" 0.547751211058581 0.245433072769122 0.75 0.827065572019039 0.835084619622959
"90" 0.831351775439322 0.458461122879864 0.75 0.622730706335058 0.835084619622959
"91" 0.892747402199978 0.553737928847164 0.933012701892219 0.654747626590792 0.835084619622959
"92" 0.824476855016102 0.475022307935748 0.933012701892219 0.671284933584512 0.835084619622959
"93" 0.77602948058488 0.601772591416593 1 0.572307926553586 0.835084619622959
"94" 0.810386617827532 0.635056925267098 0.933012701892219 0.627040203809818 0.835084619622959
"95" 0.742415182976131 0.563201730100115 0.933012701892219 0.927592323031238 0.835084619622959
"96" 0.413456257610878 0.297306020438636 1 0.490897010068354 0.835084619622959
"97" 0.815039914785486 0.581039152538553 0.75 0.972249918587972 0.835084619622959
"98" 0.881211129047649 0.530788576040235 1 0.802234794959485 0.835084619622959
"99" NA NA NA NA 0.835084619622959
"100" 0.967997166834689 0.569315701055875 0.933012701892219 0.9092342413606 0.835084619622959
