"bias.score" "rmse.score" "phase.score" "iav.score" "dist.score"
"1" NA NA NA NA 0.436750170040707
"2" NA NA NA NA 0.436750170040707
"3" NA NA NA NA 0.436750170040707
"4" NA NA NA NA 0.436750170040707
"5" NA NA NA NA 0.436750170040707
"6" NA NA NA NA 0.436750170040707
"7" NA NA NA NA 0.436750170040707
"8" NA NA NA NA 0.436750170040707
"9" NA NA NA NA 0.436750170040707
"10" NA NA NA NA 0.436750170040707
"11" NA NA NA NA 0.436750170040707
"12" NA NA NA NA 0.436750170040707
"13" NA NA NA NA 0.436750170040707
"14" NA NA NA NA 0.436750170040707
"15" NA NA NA NA 0.436750170040707
"16" NA NA NA NA 0.436750170040707
"17" NA NA NA NA 0.436750170040707
"18" NA NA NA NA 0.436750170040707
"19" NA NA NA NA 0.436750170040707
"20" NA NA NA NA 0.436750170040707
"21" NA NA NA NA 0.436750170040707
"22" NA NA NA NA 0.436750170040707
"23" NA NA NA NA 0.436750170040707
"24" NA NA NA NA 0.436750170040707
"25" NA NA NA NA 0.436750170040707
"26" NA NA NA NA 0.436750170040707
"27" NA NA NA NA 0.436750170040707
"28" NA NA NA NA 0.436750170040707
"29" NA NA NA NA 0.436750170040707
"30" NA NA NA NA 0.436750170040707
"31" NA NA NA NA 0.436750170040707
"32" NA NA NA NA 0.436750170040707
"33" NA NA NA NA 0.436750170040707
"34" NA NA NA NA 0.436750170040707
"35" NA NA NA NA 0.436750170040707
"36" NA NA NA NA 0.436750170040707
"37" NA NA NA NA 0.436750170040707
"38" NA NA NA NA 0.436750170040707
"39" NA NA NA NA 0.436750170040707
"40" NA NA NA NA 0.436750170040707
"41" NA NA NA NA 0.436750170040707
"42" NA NA NA NA 0.436750170040707
"43" NA NA NA NA 0.436750170040707
"44" NA NA NA NA 0.436750170040707
"45" NA NA NA NA 0.436750170040707
"46" NA NA NA NA 0.436750170040707
"47" NA NA NA NA 0.436750170040707
"48" NA NA NA NA 0.436750170040707
"49" NA NA NA NA 0.436750170040707
"50" NA NA NA NA 0.436750170040707
"51" NA NA NA NA 0.436750170040707
"52" NA NA NA NA 0.436750170040707
"53" NA NA NA NA 0.436750170040707
"54" NA NA NA NA 0.436750170040707
"55" NA NA NA NA 0.436750170040707
"56" NA NA NA NA 0.436750170040707
"57" NA NA NA NA 0.436750170040707
"58" NA NA NA NA 0.436750170040707
"59" NA NA NA NA 0.436750170040707
"60" NA NA NA NA 0.436750170040707
"61" NA NA NA NA 0.436750170040707
"62" NA NA NA NA 0.436750170040707
"63" NA NA NA NA 0.436750170040707
"64" NA NA NA NA 0.436750170040707
"65" NA NA NA NA 0.436750170040707
"66" NA NA NA NA 0.436750170040707
"67" NA NA NA NA 0.436750170040707
"68" NA NA NA NA 0.436750170040707
"69" NA NA NA NA 0.436750170040707
"70" NA NA NA NA 0.436750170040707
"71" NA NA NA NA 0.436750170040707
"72" NA NA NA NA 0.436750170040707
"73" NA NA NA NA 0.436750170040707
"74" NA NA NA NA 0.436750170040707
"75" NA NA NA NA 0.436750170040707
"76" NA NA NA NA 0.436750170040707
"77" NA NA NA NA 0.436750170040707
"78" NA NA NA NA 0.436750170040707
"79" NA NA NA NA 0.436750170040707
"80" NA NA NA NA 0.436750170040707
"81" NA NA NA NA 0.436750170040707
"82" NA NA NA NA 0.436750170040707
"83" NA NA NA NA 0.436750170040707
"84" NA NA NA NA 0.436750170040707
"85" NA NA NA NA 0.436750170040707
"86" NA NA NA NA 0.436750170040707
"87" NA NA NA NA 0.436750170040707
"88" NA NA NA NA 0.436750170040707
"89" NA NA NA NA 0.436750170040707
"90" NA NA NA NA 0.436750170040707
"91" NA NA NA NA 0.436750170040707
"92" NA NA NA NA 0.436750170040707
"93" NA NA NA NA 0.436750170040707
"94" NA NA NA NA 0.436750170040707
"95" NA NA NA NA 0.436750170040707
"96" NA NA NA NA 0.436750170040707
"97" NA NA NA NA 0.436750170040707
"98" NA NA NA NA 0.436750170040707
"99" NA NA NA NA 0.436750170040707
"100" NA NA NA NA 0.436750170040707
