"bias.score" "rmse.score" "phase.score" "iav.score" "dist.score"
"1" 0.564140655315299 0.372916481244605 0.75 0.475527684395696 0.754647971680752
"2" 0.30486025877696 0.317591346949552 0.933012701892219 0.770517962065003 0.754647971680752
"3" 0.305263780108189 0.272145505843364 0.933012701892219 0.862328347580353 0.754647971680752
"4" 0.417582171064309 0.32479656511257 0.75 0.692693012944228 0.754647971680752
"5" 0.00398516588759556 0.0518911294110674 0.25 0.992885268922312 0.754647971680752
"6" 0.755669353007626 0.312443991626522 0.0669872981077806 0.696555192420642 0.754647971680752
"7" 0.162666863169345 0.270687325484242 0.933012701892219 0.71750778161378 0.754647971680752
"8" 0.762926084301224 0.362151667681138 0.933012701892219 0.917175022853244 0.754647971680752
"9" 0.737408658719336 0.457006316638938 0.933012701892219 0.948360498247315 0.754647971680752
"10" 0.281783211614885 0.417215736265451 0.75 0.558464420075943 0.754647971680752
"11" 0.941345028921254 0.453283873596521 1 0.848089844183743 0.754647971680752
"12" 0.819622671528175 0.584900471287089 0.933012701892219 0.732819199011302 0.754647971680752
"13" 0.594749218331889 0.501344903092281 1 0.454275479694021 0.754647971680752
"14" 0.534914807705791 0.415431016571297 0.933012701892219 0.728802756310104 0.754647971680752
"15" 0.813422630617557 0.460314523590825 1 0.710966913258216 0.754647971680752
"16" 0.615061250799442 0.41820164852671 0.933012701892219 0.571635156422976 0.754647971680752
"17" 0.212834404540481 0.377015812971309 0.933012701892219 0.85710877480371 0.754647971680752
"18" NA NA NA NA 0.754647971680752
"19" 0.346360241597779 0.352330027396861 0.5 0.507017188184092 0.754647971680752
"20" 0.692820818024852 0.504417767922991 0.933012701892219 0.85990763404331 0.754647971680752
"21" 0.334298188931366 0.362852193691657 0.5 0.933456276838975 0.754647971680752
"22" 0.865044719054531 0.438012806669361 0.5 0.656168110848597 0.754647971680752
"23" 0.758899227134352 0.486240085159771 0.75 0.869962264516834 0.754647971680752
"24" 0.890399224723591 0.388733880222477 0.5 0.609313934007848 0.754647971680752
"25" 0.915255589897183 0.380107068498487 0.5 0.641492690371136 0.754647971680752
"26" 0.899228891697963 0.412576319661188 0.5 0.59701479060038 0.754647971680752
"27" 0.951266285225582 0.382920236970355 0.933012701892219 0.413012736162375 0.754647971680752
"28" 0.669669886272144 0.469000761531524 0.933012701892219 0.701590902467765 0.754647971680752
"29" 0.607739580377144 0.528602004093917 0.933012701892219 0.828932043545775 0.754647971680752
"30" 0.89509866404177 0.525012927665497 0.933012701892219 0.901740990464338 0.754647971680752
"31" 0.91237436731219 0.496631557952956 0.933012701892219 0.912873324406896 0.754647971680752
"32" 0.990680858597955 0.46702468372233 0.933012701892219 0.849199314735286 0.754647971680752
"33" 0.383432594959683 0.367567367964642 1 0.634113409989454 0.754647971680752
"34" 0.738810984573089 0.377872147397878 0.75 0.704698916770254 0.754647971680752
"35" 0.93931865215812 0.500729327023669 1 0.878847767066056 0.754647971680752
"36" 0.634177937612127 0.399777987967052 1 0.855950239287779 0.754647971680752
"37" 0.237019183191527 0.275188668711589 0.933012701892219 0.75429198738695 0.754647971680752
"38" 0.770353543437811 0.370860674613772 0.5 NA 0.754647971680752
"39" 0.76181806589728 0.607762021449878 1 0.987911902904531 0.754647971680752
"40" 0.83528355854911 0.546015321696436 1 0.712253040640594 0.754647971680752
"41" 0.947303687473997 0.595882900356303 0.933012701892219 0.906737815238897 0.754647971680752
"42" 0.378864061864812 0.411809522086805 1 0.930978149048813 0.754647971680752
"43" 0.414978906233327 0.463945677524357 1 0.761785983525156 0.754647971680752
"44" 0.918111415921515 0.629169990345726 1 0.796024023512448 0.754647971680752
"45" NA NA NA NA 0.754647971680752
"46" 0.770837832696296 0.734979633636025 1 0.4641820513583 0.754647971680752
"47" 0.976279804209702 0.637789966368138 0.933012701892219 0.583902594038379 0.754647971680752
"48" 0.81406048856172 0.620107764931012 0.933012701892219 0.788466066088044 0.754647971680752
"49" 0.941790160894195 0.468163399188677 0.933012701892219 0.911987857550794 0.754647971680752
"50" 0.902548803132236 0.531505260613454 0.933012701892219 0.756888176685019 0.754647971680752
"51" 0.591213185587712 0.298221955212657 0.933012701892219 0.46489324790572 0.754647971680752
"52" 0.673620588319016 0.584811927602389 1 0.510561012651921 0.754647971680752
"53" 0.984217146894163 0.46717369042325 0.933012701892219 0.898510416190662 0.754647971680752
"54" 0.515383896648957 0.450788498655468 1 0.649517264920187 0.754647971680752
"55" 0.898366206449481 0.477791184097353 0.933012701892219 0.746094350737176 0.754647971680752
"56" 0.817130417606723 0.536441157074044 1 0.661499715510976 0.754647971680752
"57" 0.948370826836055 0.580107968721269 0.933012701892219 0.825514234814982 0.754647971680752
"58" 0.717129351850163 0.39004805565241 0.933012701892219 0.815718968510254 0.754647971680752
"59" 0.913839551002236 0.730357279272754 1 0.696515823008752 0.754647971680752
"60" 0.911565728386174 0.650125793739749 1 0.832112122598809 0.754647971680752
"61" 0.990043222567707 0.428707213290814 0.933012701892219 0.594540346726931 0.754647971680752
"62" 0.529834224162587 0.586908995816382 0.933012701892219 0.668579591841257 0.754647971680752
"63" 0.384728469820233 0.46386538482309 0.933012701892219 0.844351718740174 0.754647971680752
"64" 0.0853816921254414 0.134018452615119 0.75 0.978031601853483 0.754647971680752
"65" 0.344702164565523 0.372361475461449 0.933012701892219 0.877868463355288 0.754647971680752
"66" 0.454229814915295 0.469197934906358 0.75 0.584308888632687 0.754647971680752
"67" 0.341445349273431 0.542047832875844 0.933012701892219 0.965927619076132 0.754647971680752
"68" 0.526905204129226 0.641513252457305 0.933012701892219 0.756646631929023 0.754647971680752
"69" 0.703196833770769 0.490621223693443 1 0.590447417511915 0.754647971680752
"70" 0.375005781045295 0.567440557700652 0.933012701892219 0.549257099520402 0.754647971680752
"71" 0.565844321625829 0.551166242415709 0.933012701892219 0.298927443013684 0.754647971680752
"72" 0.305270279296831 0.636903603470885 0.933012701892219 0.656349388318491 0.754647971680752
"73" 0.502619222042847 0.588790973197403 1 0.543297478221104 0.754647971680752
"74" 0.265006009676662 0.442599564504034 0.933012701892219 0.901351093099661 0.754647971680752
"75" 0.886150288779047 0.607125351873295 0.933012701892219 0.937741616627127 0.754647971680752
"76" NA NA NA NA 0.754647971680752
"77" 0.806647420147996 0.493786131795473 1 0.873802772960763 0.754647971680752
"78" 0.0237340921630068 0.258105656789375 1 0.427247539275272 0.754647971680752
"79" 0.885878798363665 0.574743538981158 0.75 0.961230047332676 0.754647971680752
"80" 0.768037759561625 0.547642571343253 0.75 0.910570627760749 0.754647971680752
"81" 0.655374285110255 0.578086030780662 0.75 0.648760195594775 0.754647971680752
"82" 0.663873384228555 0.586280333455661 1 0.657736720063769 0.754647971680752
"83" 0.699203439588651 0.60244277572054 1 0.690653761837506 0.754647971680752
"84" 0.56317272121659 0.438810099282694 0.75 0.74854071054178 0.754647971680752
"85" 0.847697099389179 0.612413154019775 1 0.934657641631329 0.754647971680752
"86" 0.865405238608281 0.570556315274585 1 0.795279589772434 0.754647971680752
"87" 0.89168909163452 0.646097775370484 1 0.731406153854984 0.754647971680752
"88" 0.799608341672918 0.567158984577537 1 0.89879835497542 0.754647971680752
"89" 0.509001654641995 0.524603049916385 0.75 0.619209220746432 0.754647971680752
"90" 0.454950039209053 0.426337692041999 0.933012701892219 0.665289677621977 0.754647971680752
"91" 0.859403404300143 0.64582510050453 1 0.962969444516787 0.754647971680752
"92" 0.705592677660562 0.573849594014155 1 0.933718426581523 0.754647971680752
"93" 0.907526585764064 0.426148033055739 0.75 0.419409723948058 0.754647971680752
"94" 0.771167780359769 0.560573675108428 1 0.726593410257918 0.754647971680752
"95" 0.935608861321904 0.602080625177722 1 0.992109916452406 0.754647971680752
"96" 0.67773437541647 0.433539543496763 1 0.460459319097075 0.754647971680752
"97" 0.605669055844371 0.461692757798068 0.933012701892219 0.816830571905777 0.754647971680752
"98" 0.610863136893011 0.596118869214755 1 0.868758229676803 0.754647971680752
"99" NA NA NA NA 0.754647971680752
"100" 0.481984758198771 0.486650325246741 1 0.687945044502495 0.754647971680752
