"bias.score" "rmse.score" "phase.score" "iav.score" "dist.score"
"1" 0.995488890323001 0.787763852236212 1 0.542986308190931 0.860102632968602
"2" NA NA NA NA 0.860102632968602
"3" 0.509485319136487 0.504104912308522 1 0.648334919303084 0.860102632968602
"4" 0.760422976704925 0.433032735619712 1 0.662519098291772 0.860102632968602
"5" 0.499721596593691 0.293507382681556 0.0669872981077806 0.410575732826749 0.860102632968602
"6" 0.343056547180458 0.300986857767016 0.0669872981077806 0.599354087359095 0.860102632968602
"7" 0.912240638638209 0.628137712209337 1 0.46183313151304 0.860102632968602
"8" 0.732025866798853 0.588007238097575 0.933012701892219 0.611852864641972 0.860102632968602
"9" 0.862891456459956 0.480167073059496 0.75 0.58643653279281 0.860102632968602
"10" 0.398120636242723 0.610378307397859 1 0.543155627420251 0.860102632968602
"11" 0.380171054289663 0.74149337124876 0.5 0.70747812675513 0.860102632968602
"12" 0.740047756499926 0.701463246591433 1 0.570025964060113 0.860102632968602
"13" 0.855250897357543 0.706843936167695 0.75 0.81684000487749 0.860102632968602
"14" 0.759215088738495 0.765160910825876 0.933012701892219 0.612714789578866 0.860102632968602
"15" 0.760742818123175 0.716179273634464 1 0.458368920021398 0.860102632968602
"16" 0.778694427228224 0.742508222372056 1 0.449723380288263 0.860102632968602
"17" 0.647641726615159 0.534610369644892 0.933012701892219 0.422154204519707 0.860102632968602
"18" NA NA NA NA 0.860102632968602
"19" 0.668759943303973 0.644145130110278 0.933012701892219 0.422250320618171 0.860102632968602
"20" 0.948126747214833 0.787763642977392 0.933012701892219 0.912174656242046 0.860102632968602
"21" 0.625212998171914 0.759164292649077 0.933012701892219 0.63089399766179 0.860102632968602
"22" 0.780169081263137 0.584886929669059 1 0.464650090852471 0.860102632968602
"23" 0.934217872698229 0.697229532905076 0.933012701892219 0.605449208662148 0.860102632968602
"24" 0.800966902843342 0.672093873477289 0.75 0.498484408729648 0.860102632968602
"25" 0.839407200808385 0.671216202379042 0.75 0.520037171541957 0.860102632968602
"26" 0.877865748388246 0.714811685185192 0.75 0.581283885801966 0.860102632968602
"27" 0.621896359111734 0.72354969737875 1 0.471767306662957 0.860102632968602
"28" 0.774180861632496 0.538834440066453 0.933012701892219 0.432203757185646 0.860102632968602
"29" 0.911130339509735 0.718972314545463 1 0.523439593592454 0.860102632968602
"30" 0.631413400903072 0.720897087842277 0.933012701892219 0.496454569521414 0.860102632968602
"31" 0.766216060074878 0.852584704977003 1 0.650742303959519 0.860102632968602
"32" 0.764332642890401 0.806395149431625 1 0.546170264870678 0.860102632968602
"33" 0.745929071896884 0.557597335196275 0.933012701892219 0.465567642551599 0.860102632968602
"34" NA NA NA NA 0.860102632968602
"35" 0.662861984718616 0.695399088847104 0.933012701892219 0.447751824509733 0.860102632968602
"36" 0.852196216573092 0.847853085038471 1 0.828949284680962 0.860102632968602
"37" 0.926098935812013 0.767934773861397 0.933012701892219 0.626268108062757 0.860102632968602
"38" 0.680210735787831 0.806569450647296 1 0.756695678958454 0.860102632968602
"39" 0.980264780581916 0.540014119047803 0.933012701892219 0.450552767714568 0.860102632968602
"40" 0.746352845132745 0.798110335040848 0.933012701892219 0.663066229100959 0.860102632968602
"41" 0.878036784020429 0.684008694284703 0.933012701892219 0.538515289692019 0.860102632968602
"42" 0.940965855011463 0.620166031159702 1 0.528456442770841 0.860102632968602
"43" NA NA NA NA 0.860102632968602
"44" 0.872178224994548 0.758876831723353 1 0.600467649125474 0.860102632968602
"45" NA NA NA NA 0.860102632968602
"46" 0.862431823020899 0.635633204704922 0.933012701892219 0.534297790787946 0.860102632968602
"47" 0.184136484495011 0.253108822289345 1 0.59585546876339 0.860102632968602
"48" 0.18427043659032 0.253085490359654 1 0.596315366555568 0.860102632968602
"49" 0.969945030762132 0.765968801890919 0.933012701892219 0.675736912485912 0.860102632968602
"50" 0.777080382121552 0.606485982521008 0.933012701892219 0.495164678909962 0.860102632968602
"51" 0.823145052389027 0.743808197602571 0.933012701892219 0.692843800050326 0.860102632968602
"52" 0.685947507401065 0.73197595698411 1 0.792314339350703 0.860102632968602
"53" 0.806144778252459 0.655912914750363 0.933012701892219 0.603351754146056 0.860102632968602
"54" 0.883742845577585 0.746871846828735 1 0.534240775686845 0.860102632968602
"55" 0.845105246689917 0.739684793579245 0.933012701892219 0.708033533654713 0.860102632968602
"56" 0.840158744707657 0.655688131793502 1 0.508389133009472 0.860102632968602
"57" 0.999463547057569 0.724825168196944 1 0.540107942716474 0.860102632968602
"58" 0.987219600298336 0.376202283558042 0.75 0.379166859707766 0.860102632968602
"59" 0.898471571477313 0.7856618637992 1 0.493979953944058 0.860102632968602
"60" 0.747235526552249 0.775895674032949 1 0.726322357898535 0.860102632968602
"61" 0.776950815079394 0.730383314142593 0.933012701892219 0.749448686894262 0.860102632968602
"62" 0.859904401822884 0.712674257353424 1 0.832240632685674 0.860102632968602
"63" 0.778157852235582 0.673823920876968 1 0.635224738376714 0.860102632968602
"64" 0.759639165851817 0.520597341433886 1 0.453064310892321 0.860102632968602
"65" 0.975010937646134 0.685763263656862 1 0.553773881800438 0.860102632968602
"66" 0.894037232148527 0.760349946423513 1 0.798536713586244 0.860102632968602
"67" 0.826239634368428 0.767156931053289 1 0.756266851083509 0.860102632968602
"68" 0.794238234277604 0.791961397091125 1 0.710763364178047 0.860102632968602
"69" 0.981134336369225 0.793579852729388 1 0.69531859918245 0.860102632968602
"70" 0.954898297943162 0.773028301611821 1 0.733942371091575 0.860102632968602
"71" 0.834696472526982 0.805389801153638 1 0.752119164714809 0.860102632968602
"72" 0.985397584057289 0.635864356183272 1 0.848549700006721 0.860102632968602
"73" 0.815993026811473 0.701536281263662 1 0.564840604644545 0.860102632968602
"74" 0.950233666739413 0.743254842662908 1 0.805072005468066 0.860102632968602
"75" 0.958201056592828 0.766161631073574 1 0.833716732457791 0.860102632968602
"76" NA NA NA NA 0.860102632968602
"77" 0.841065483069981 0.783092049375393 1 0.675986570492521 0.860102632968602
"78" 0.628892530357733 0.586279925381471 1 0.611080532855718 0.860102632968602
"79" 0.94473022402034 0.778671740801167 0.933012701892219 0.872094746863278 0.860102632968602
"80" 0.886403850319456 0.803326844887372 0.933012701892219 0.91370945958759 0.860102632968602
"81" 0.825262810998502 0.803499015617016 1 0.873428077568699 0.860102632968602
"82" NA NA NA NA 0.860102632968602
"83" 0.75595632040594 0.631171334223996 1 0.700088572285826 0.860102632968602
"84" 0.958196816434237 0.670197762268506 1 0.546027552644034 0.860102632968602
"85" 0.787920280118539 0.663881197012144 0.933012701892219 0.465321548892454 0.860102632968602
"86" 0.67586315856914 0.676083903605673 0.933012701892219 0.47203686678633 0.860102632968602
"87" 0.633203265101574 0.7595444255257 0.933012701892219 0.548404390287304 0.860102632968602
"88" 0.738688174973785 0.65526031790823 0.933012701892219 0.48804032871362 0.860102632968602
"89" 0.822281041492428 0.568578234881314 1 0.423033335451517 0.860102632968602
"90" 0.794329448493934 0.818904664096697 0.933012701892219 0.61274775730603 0.860102632968602
"91" 0.704458889111753 0.691231231136585 0.933012701892219 0.498729640036552 0.860102632968602
"92" 0.863896662451266 0.689804682041809 0.933012701892219 0.468970565213317 0.860102632968602
"93" 0.882703770205928 0.772515970464605 0.933012701892219 0.702650417380007 0.860102632968602
"94" 0.902371952203558 0.756577165365685 1 0.512838142966117 0.860102632968602
"95" 0.913236637449502 0.802400306272404 1 0.685089682342613 0.860102632968602
"96" 0.922145403421399 0.744216386221429 1 0.929539770329836 0.860102632968602
"97" 0.897009111871277 0.518620194001909 1 0.437180433465795 0.860102632968602
"98" 0.854656934920775 0.736054774617836 0.933012701892219 0.729767587420369 0.860102632968602
"99" NA NA NA NA 0.860102632968602
"100" 0.785556222022531 0.708108422162285 1 0.686889595434997 0.860102632968602
