"bias.score" "rmse.score" "phase.score" "iav.score" "dist.score"
"1" 0.255535451806036 0.351818402738922 0.75 0.410053726491648 0.173459063276531
"2" 0.0470737730063734 0.365500934654122 0.25 0.401706328659822 0.173459063276531
"3" 0.17034398025024 0.360744946349214 0.933012701892219 0.679965685438913 0.173459063276531
"4" 0.322550279062864 0.353661232741306 0.5 0.397303918886031 0.173459063276531
"5" 0.863542251572175 0.518671460889387 0.933012701892219 0.788172208600015 0.173459063276531
"6" 0.868696887435855 0.513451621306929 0.933012701892219 0.822412070455475 0.173459063276531
"7" 0.756471471459773 0.551839231517194 1 0.927057618229852 0.173459063276531
"8" 0.610837506784085 0.450415956304694 0.933012701892219 0.949993023078422 0.173459063276531
"9" 0.911504734867057 0.548696684242182 0.933012701892219 0.87990225243836 0.173459063276531
"10" 0.872761161816086 0.54467585549499 0.933012701892219 0.846543271386781 0.173459063276531
"11" 0.878108831711882 0.545520385293365 0.933012701892219 0.950834231940168 0.173459063276531
"12" 0.762721081244227 0.476741575375674 0.933012701892219 0.998094556511361 0.173459063276531
"13" 0.704804304523861 0.434040308657973 0.933012701892219 0.875335774456961 0.173459063276531
"14" 0.704991829504222 0.443544281702694 0.933012701892219 0.845124292529522 0.173459063276531
"15" 0.689127175589486 0.445280819643407 0.933012701892219 0.950751266458379 0.173459063276531
"16" 0.628121376713893 0.44013940688915 0.933012701892219 0.733459696599792 0.173459063276531
"17" 0.80778197211939 0.50704445052809 0.933012701892219 0.714617544779556 0.173459063276531
"18" 0.63653880950732 0.392324151918597 0.933012701892219 0.913448499289185 0.173459063276531
"19" 0.637646997437545 0.390196909861186 0.933012701892219 0.897685249625816 0.173459063276531
"20" 0.50509717736335 0.49292520706002 0.933012701892219 0.9341231996095 0.173459063276531
"21" 0.343656019692333 0.354836287617737 0 0.959600086944988 0.173459063276531
"22" 0.000138651111990328 0.00906632880880856 1 0.287762828296694 0.173459063276531
"23" 0.410328081970893 0.351604402218489 0.75 0.611400072926303 0.173459063276531
"24" 0.383849783028689 0.408869946523337 0.75 0.800630728791209 0.173459063276531
"25" 0.576177283024882 0.438700280625949 0.933012701892219 0.906319621169546 0.173459063276531
"26" 0.649526763533676 0.435482734697176 0.933012701892219 0.968719807912348 0.173459063276531
"27" 0.635312675410002 0.419426493610854 0.75 0.89785468127246 0.173459063276531
"28" 0.626786617162107 0.418023674129468 0.75 0.903379867142364 0.173459063276531
"29" 0.640992047436528 0.41965827513067 0.933012701892219 0.943236385986616 0.173459063276531
"30" 0.615188940541176 0.424273518691544 0.933012701892219 0.958801467562056 0.173459063276531
"31" 0.592616976902079 0.435743265203064 0.933012701892219 0.870884685151419 0.173459063276531
"32" 0.553658060393997 0.428168971317763 0.933012701892219 0.843484859875693 0.173459063276531
"33" 0.586042761713776 0.446392189446264 0.933012701892219 0.757496998720414 0.173459063276531
"34" 0.55653803778435 0.451797799697824 0.933012701892219 0.948945036225366 0.173459063276531
"35" 0.461459350185839 0.431969156546367 0.933012701892219 0.899245488011534 0.173459063276531
"36" 0.580582344611059 0.422077166122435 0.933012701892219 0.935911146768922 0.173459063276531
"37" 0.633257098214113 0.417700900229609 0.933012701892219 0.827680755994509 0.173459063276531
"38" 0.66879978227407 0.416256256108286 0.933012701892219 0.822891329750868 0.173459063276531
"39" 0.613899650523289 0.43001597843331 0.933012701892219 0.92895940089374 0.173459063276531
"40" 0.635014017463908 0.426416338289963 0.933012701892219 0.932561502088839 0.173459063276531
"41" 0.678859325117834 0.416868270539181 0.933012701892219 0.942395497596861 0.173459063276531
"42" 0.606632474505414 0.397191665656015 0.933012701892219 0.867646373529201 0.173459063276531
"43" 0.583529409858347 0.396216957035718 0.933012701892219 0.842170554101433 0.173459063276531
"44" 0.591959508789277 0.408481699348133 0.933012701892219 0.813377500768336 0.173459063276531
"45" 0.522654355314853 0.409444788527183 0.933012701892219 0.762841112799785 0.173459063276531
"46" 0.650569223427301 0.423202457793146 0.933012701892219 0.765007527753599 0.173459063276531
"47" 0.709570309415398 0.438158263294393 0.933012701892219 0.943906560185008 0.173459063276531
"48" 0.711158908554271 0.461960488714836 0.933012701892219 0.850019591027975 0.173459063276531
"49" 0.766515280475602 0.428666827950989 0.933012701892219 0.810397438344547 0.173459063276531
"50" 0.785511067621183 0.439977827594674 0.933012701892219 0.787386923960422 0.173459063276531
"51" 0.725898105730533 0.466729641803207 0.933012701892219 0.773461912302352 0.173459063276531
"52" 0.654220901520564 0.483324763714261 0.933012701892219 0.972076424991333 0.173459063276531
"53" 0.461699899701799 0.410437885854127 0.933012701892219 0.81707642488147 0.173459063276531
"54" 0.532502846708111 0.382245310498767 0.933012701892219 0.995072729618978 0.173459063276531
"55" 0.533120726292768 0.380414127203409 0.933012701892219 0.999393343567561 0.173459063276531
"56" 0.588495039981946 0.358394788866584 0.933012701892219 0.953440001646595 0.173459063276531
"57" 0.62584085841885 0.376216985656352 0.933012701892219 0.896287860264127 0.173459063276531
"58" 0.557245470434085 0.376403211609805 0.933012701892219 0.977528646762386 0.173459063276531
"59" 0.500011936372322 0.415464881497055 0.933012701892219 0.969567004994633 0.173459063276531
"60" 0.512980844912419 0.402312031577807 0.933012701892219 0.908872677856496 0.173459063276531
"61" 0.483714013716817 0.420302231219671 0.933012701892219 0.984604529632536 0.173459063276531
"62" 0.454488078573033 0.3921852814126 0.933012701892219 0.884697492080462 0.173459063276531
"63" 0.616535884638673 0.466394243180031 0.933012701892219 0.648165430797416 0.173459063276531
"64" 0.165836202547099 0.3987020976252 1 0.617861275964491 0.173459063276531
"65" 0.420307265970844 0.201575890604591 0.75 0.71352449911816 0.173459063276531
"66" 0.742214202376037 0.36642800788008 0.75 0.80073003332712 0.173459063276531
"67" 0.856846175370085 0.465654992346396 0.75 0.651024431446063 0.173459063276531
"68" 0.847712259506286 0.403322907492374 0.75 0.638311614251972 0.173459063276531
"69" 0.440029006183717 0.308117480971423 0.75 0.799983581452333 0.173459063276531
"70" 0.438329752003638 0.370001384028487 0.933012701892219 0.997529848181172 0.173459063276531
"71" 0.300296018395615 0.308559375008741 0.933012701892219 0.745897163386848 0.173459063276531
"72" 0.585436647426271 0.442348883125895 1 0.813449831899679 0.173459063276531
"73" 0.467861194770429 0.352192422685836 1 0.71019592847061 0.173459063276531
"74" 0.504138522302941 0.412284873699143 0.933012701892219 0.694592256842756 0.173459063276531
"75" 0.463231542476055 0.424826948508993 0.933012701892219 0.747784011110933 0.173459063276531
"76" 0.581472397674005 0.408920950128074 0.933012701892219 0.7916758586466 0.173459063276531
"77" 0.584006212476825 0.350240377723648 0.933012701892219 0.728567722508251 0.173459063276531
"78" 0.493877615780367 0.379565187317622 0.933012701892219 0.753469317022114 0.173459063276531
"79" 0.588614869666265 0.393848403852072 0.933012701892219 0.820614641177402 0.173459063276531
"80" 0.451276121190457 0.386074868892165 0.75 0.790153098874045 0.173459063276531
"81" 0.668584109923473 0.432980458340573 0.933012701892219 0.864059586035955 0.173459063276531
"82" 0.655271220918045 0.432162463088117 0.933012701892219 0.788126656775513 0.173459063276531
"83" 0.658198426908462 0.443579645027514 0.933012701892219 0.792687335289459 0.173459063276531
"84" 0.440083749712941 0.403015884191506 0.933012701892219 0.984076082744467 0.173459063276531
"85" 0.35994631704496 0.372614958162627 0.933012701892219 0.976252578748357 0.173459063276531
"86" 0.334612549917604 0.342908829572568 0.933012701892219 0.828121204994966 0.173459063276531
"87" 0.377176272695365 0.352784582105414 0.933012701892219 0.858307185218809 0.173459063276531
"88" 0.355067659343205 0.353078050826418 0.933012701892219 0.867612214845519 0.173459063276531
"89" 0.474153419700249 0.399181910546439 0.933012701892219 0.977395470248412 0.173459063276531
"90" 0.257381133114539 0.33405557384547 0.933012701892219 0.907976541856035 0.173459063276531
"91" 0.271419365475872 0.351762201656294 0.933012701892219 0.884343847570926 0.173459063276531
"92" 0.29478567153033 0.347545203782711 0.933012701892219 0.989973914082475 0.173459063276531
"93" 0.364829051955603 0.372085320870532 0.933012701892219 0.902720264203924 0.173459063276531
"94" 0.312409983226962 0.307993592503591 0.933012701892219 0.923799332679498 0.173459063276531
"95" 0.302531730181992 0.299369946714825 0.933012701892219 0.919780536631711 0.173459063276531
"96" 0.281298613273281 0.30532142505309 1 0.953912723822407 0.173459063276531
"97" 0.366957447571809 0.380152591228718 1 0.929322986122173 0.173459063276531
"98" 0.33998876455384 0.35018690200026 1 0.743394358162752 0.173459063276531
"99" 0.355715373153464 0.310993603904677 0.933012701892219 0.81342261561742 0.173459063276531
"100" 0.256290870797652 0.3162182184151 1 0.85859040513062 0.173459063276531
