"bias.score" "rmse.score" "phase.score" "iav.score" "dist.score"
"1" 0.679816331057553 0.368519231287927 0.0669872981077806 0.367879441171442 0.732984386063811
"2" 0.675503663588888 0.368519221396991 0.0669872981077806 0.367879441171442 0.732984386063811
"3" 0.593871462128847 0.400836430685465 0.933012701892219 0.54859095885137 0.732984386063811
"4" 0.61709717937564 0.368519226592386 0.0669872981077806 0.367879441171442 0.732984386063811
"5" 0.603982868799999 0.445780170976532 0.933012701892219 0.712686125404002 0.732984386063811
"6" 0.645043133000028 0.477505181364195 0.933012701892219 0.866582572347172 0.732984386063811
"7" 0.816351551803377 0.534922034223833 0.933012701892219 0.137692016729101 0.732984386063811
"8" 0.768809589661069 0.566261923505015 0.933012701892219 0.707839917523276 0.732984386063811
"9" 0.698835141685243 0.528091383792932 0.933012701892219 0.907575145914592 0.732984386063811
"10" 0.787076879487134 0.47614071232229 0.933012701892219 0.262157742163287 0.732984386063811
"11" 0.852396560401293 0.633482165199481 0.933012701892219 0.454085918803616 0.732984386063811
"12" 0.705108296147839 0.533275302092331 0.933012701892219 0.794202198937568 0.732984386063811
"13" 0.760351098027308 0.580479692707107 0.933012701892219 0.976527843278855 0.732984386063811
"14" 0.690487778978594 0.522880830751022 0.933012701892219 0.735536436315016 0.732984386063811
"15" 0.688186905069213 0.523100322767752 0.933012701892219 0.872489420853145 0.732984386063811
"16" 0.837389977817362 0.609300813765832 0.933012701892219 0.734108468282651 0.732984386063811
"17" 0.753926198441893 0.526950099071496 0.933012701892219 0.265084363994543 0.732984386063811
"18" 0.652352450792336 0.499577760612767 0.933012701892219 0.740843095992559 0.732984386063811
"19" 0.802430464556858 0.588153698642349 0.933012701892219 0.578032352525046 0.732984386063811
"20" 0.157016075983268 0.0133472261605943 0.933012701892219 0.222511571326346 0.732984386063811
"21" 0.000142352802527564 5.49992566989572e-09 0.933012701892219 0.00173586765636663 0.732984386063811
"22" 0.0035114346481071 0.000514566275996592 1 1.22779291260344e-07 0.732984386063811
"23" 0.881182185858469 0.581217910199365 1 0.240540742379428 0.732984386063811
"24" 0.670601594613055 0.510049802568721 0.933012701892219 0.693812249040628 0.732984386063811
"25" 0.722079080419941 0.56342709421866 0.933012701892219 0.98288317573448 0.732984386063811
"26" 0.970986479455611 0.614907990935142 0.933012701892219 0.30043178060203 0.732984386063811
"27" 0.736501723757941 0.592923726204873 0.933012701892219 0.893783263369383 0.732984386063811
"28" 0.763068998250309 0.604772369154865 0.933012701892219 0.7821899800203 0.732984386063811
"29" 0.75817179005517 0.596171180663002 0.933012701892219 0.904918479890296 0.732984386063811
"30" 0.759692864145589 0.595746367910437 0.933012701892219 0.890175378348562 0.732984386063811
"31" 0.763075144411521 0.58166363308455 0.933012701892219 0.934816911858549 0.732984386063811
"32" 0.740453054323165 0.569879016607837 0.933012701892219 0.969637107562473 0.732984386063811
"33" 0.815624248886253 0.602108283236705 0.933012701892219 0.764236538754397 0.732984386063811
"34" 0.819293103348776 0.601006128964054 0.933012701892219 0.821936663884771 0.732984386063811
"35" 0.872747765664348 0.602646392698744 0.933012701892219 0.969891637693841 0.732984386063811
"36" 0.976228131015693 0.578274166258014 0.933012701892219 0.922663236729798 0.732984386063811
"37" 0.712628970007574 0.587859872184791 1 0.630889746657435 0.732984386063811
"38" 0.76227227038536 0.651129867111887 1 0.697447615469048 0.732984386063811
"39" 0.985300992780243 0.631712153874129 0.933012701892219 0.773176849767644 0.732984386063811
"40" 0.957227535711215 0.663896467837137 1 0.949108897088802 0.732984386063811
"41" 0.955879677486755 0.673217980045183 1 0.922216770494992 0.732984386063811
"42" 0.924639940484922 0.671486519488686 1 0.77732375283119 0.732984386063811
"43" 0.873916182525069 0.63343821966561 0.933012701892219 0.90834577562819 0.732984386063811
"44" 0.974610548475508 0.639918094717461 0.933012701892219 0.888694822866912 0.732984386063811
"45" 0.736000077312725 0.404841629967733 0.933012701892219 0.271597017836522 0.732984386063811
"46" 0.8243296026376 0.426091969844056 0.933012701892219 0.206857655569424 0.732984386063811
"47" 0.705544961420639 0.379883151242491 0.933012701892219 0.162057351207757 0.732984386063811
"48" 0.295267443467926 0.0949236882302582 0.933012701892219 0.00498825870020022 0.732984386063811
"49" 0.942323083432755 0.539215700680106 0.933012701892219 0.3994304725137 0.732984386063811
"50" 0.835647562121084 0.470065428922935 0.933012701892219 0.210218640072676 0.732984386063811
"51" 0.955268029697551 0.569435636473101 0.933012701892219 0.55030559593806 0.732984386063811
"52" 0.819198007002443 0.450275230230812 0.933012701892219 0.194027968419506 0.732984386063811
"53" 0.293693769234771 0.109810043931056 0.933012701892219 0.0154916989840929 0.732984386063811
"54" 0.5986496662917 0.360682139853118 1 0.169158843656964 0.732984386063811
"55" 0.503958928848283 0.26671932779279 1 0.0866940670952282 0.732984386063811
"56" 0.704624189499332 0.478894808933962 1 0.302574626405121 0.732984386063811
"57" 0.887309559973535 0.603487841966295 0.933012701892219 0.587186713127111 0.732984386063811
"58" 0.966774682366374 0.648510888372294 0.933012701892219 0.351172239300287 0.732984386063811
"59" 0.980271792130336 0.555946871438216 0.933012701892219 0.544128518745217 0.732984386063811
"60" 0.729320190379925 0.570640025424039 1 0.895456199584881 0.732984386063811
"61" 0.923668934254446 0.611085145453221 1 0.265719883009767 0.732984386063811
"62" 0.670003520650631 0.530409690569299 0.933012701892219 0.841538719691766 0.732984386063811
"63" 0.857047121863459 0.421010032782667 1 0.762300805025927 0.732984386063811
"64" 0.799013410401164 0.618421199061726 0.933012701892219 0.728414556936087 0.732984386063811
"65" 0.628885064989815 0.502773716482499 1 0.175038060910254 0.732984386063811
"66" 0.6672455079966 0.518702643123153 1 0.183441545929865 0.732984386063811
"67" 0.783324625788011 0.656999647272455 1 0.397940413716756 0.732984386063811
"68" 0.816940126715792 0.671644294043588 1 0.404576094274695 0.732984386063811
"69" 0.593728474607389 0.445255834221857 1 0.0892333781912152 0.732984386063811
"70" 0.808631739657975 0.649292063470725 1 0.262933091460837 0.732984386063811
"71" 0.993421084481931 0.637772234614973 1 0.301933259873593 0.732984386063811
"72" 0.857427914779753 0.472065579915661 0.933012701892219 0.112609601375773 0.732984386063811
"73" 0.876191607380935 0.544751328879096 0.933012701892219 0.385361664835451 0.732984386063811
"74" 0.821685414197538 0.621527792904962 0.933012701892219 0.904353455140999 0.732984386063811
"75" 0.855044042051282 0.609719568319988 0.933012701892219 0.634003568333426 0.732984386063811
"76" 0.762087843570735 0.585001268833247 0.933012701892219 0.857931403885221 0.732984386063811
"77" 0.728962269256548 0.550597260307078 0.933012701892219 0.750498880323043 0.732984386063811
"78" 0.824359103105062 0.618537402526874 0.933012701892219 0.940483393355119 0.732984386063811
"79" 0.905599452737222 0.690922071444844 0.933012701892219 0.689718361272731 0.732984386063811
"80" 0.909946288389883 0.646114050774386 0.933012701892219 0.485591039719967 0.732984386063811
"81" 0.907086274367521 0.617247672007621 0.933012701892219 0.712270704721285 0.732984386063811
"82" 0.88796595986781 0.59765523922524 0.933012701892219 0.572733204988436 0.732984386063811
"83" 0.929825818768284 0.61428883047609 0.933012701892219 0.79949006630698 0.732984386063811
"84" 0.822163209940363 0.641362591079778 0.933012701892219 0.950153374347519 0.732984386063811
"85" 0.785566308031951 0.600025105783008 0.933012701892219 0.890392727614797 0.732984386063811
"86" 0.596291171758922 0.493066816712169 1 0.663583667625705 0.732984386063811
"87" 0.695461214680172 0.555715566809048 0.933012701892219 0.834478366796981 0.732984386063811
"88" 0.688774029711404 0.555614490390955 0.933012701892219 0.78212523962648 0.732984386063811
"89" 0.866613204961115 0.533133948810887 1 0.642657210411062 0.732984386063811
"90" 0.77010994570604 0.553460351570866 1 0.334123712244667 0.732984386063811
"91" 0.704765284290889 0.48324831994061 1 0.337580613790155 0.732984386063811
"92" 0.569827530228808 0.352567310542513 1 0.240731606572773 0.732984386063811
"93" 0.612865767865118 0.414556136807083 1 0.171542786553629 0.732984386063811
"94" 0.534794169492255 0.326488674110711 1 0.0645752828436814 0.732984386063811
"95" 0.708327138239395 0.482542827887491 1 0.0688753710778015 0.732984386063811
"96" 0.8107771952834 0.596719973285186 1 0.146539309247945 0.732984386063811
"97" 0.627263327230316 0.475524151661717 1 0.298744658022421 0.732984386063811
"98" 0.664197301932845 0.546007083329893 1 0.65984449247628 0.732984386063811
"99" 0.943897627553481 0.572235841570867 1 0.708562421135752 0.732984386063811
"100" 0.87212235354505 0.482232673615631 0.933012701892219 0.732049108057876 0.732984386063811
