"bias.score" "rmse.score" "phase.score" "iav.score" "dist.score"
"1" 0.911888772891512 0.368519240333731 0.0669872981077806 0.367879441171442 0.692681748545377
"2" 0.509400925879336 0.368519231106555 0 0.367879441171442 0.692681748545377
"3" 0.867800460938916 0.371857390421151 0.933012701892219 0.38412896828699 0.692681748545377
"4" 0.59553297935301 0.368519232509413 0.0669872981077806 0.367879441171442 0.692681748545377
"5" 0.6503180088765 0.389792548970873 0.933012701892219 0.41665505528449 0.692681748545377
"6" 0.631412833312794 0.40089592291213 0.933012701892219 0.450738807535959 0.692681748545377
"7" 0.5847250900071 0.445039890608207 0.933012701892219 0.664427537326433 0.692681748545377
"8" 0.753742674086919 0.483261512614104 1 0.574049203179671 0.692681748545377
"9" 0.740520583134599 0.432619692258234 1 0.465447309090177 0.692681748545377
"10" 0.464408187085743 0.544244383433282 0.933012701892219 0.673077638878972 0.692681748545377
"11" 0.643094389699946 0.480436383454267 1 0.547093498625098 0.692681748545377
"12" 0.79921963695172 0.452562443718048 1 0.507196754872249 0.692681748545377
"13" 0.814658880487888 0.477056064350861 1 0.542710959123689 0.692681748545377
"14" 0.818857640454017 0.437876270925181 0.933012701892219 0.484349634572856 0.692681748545377
"15" 0.792716857257441 0.440035179774083 0.933012701892219 0.52175905235263 0.692681748545377
"16" 0.705030579461702 0.497612299361269 1 0.716039876860288 0.692681748545377
"17" 0.811528920961724 0.478705627277524 0.933012701892219 0.833398642925046 0.692681748545377
"18" 0.731708476764849 0.424725422449975 1 0.544277022496496 0.692681748545377
"19" 0.977065816190629 0.438372187098408 1 0.55894475005441 0.692681748545377
"20" 0.398942122221691 0.41943866157037 0.933012701892219 0.452944428915871 0.692681748545377
"21" 0.25933915016499 0.498681354569885 0.933012701892219 0.686775816649165 0.692681748545377
"22" 0.0025281160100133 0.0234705108812243 1 0.00214153620264861 0.692681748545377
"23" 0.920831281502916 0.557177222725973 1 0.813754625172406 0.692681748545377
"24" 0.951756534638615 0.453912045970564 0.933012701892219 0.498510340805487 0.692681748545377
"25" 0.856189861219539 0.443320771536747 1 0.4618514732114 0.692681748545377
"26" 0.675348863534097 0.623292834979018 0.933012701892219 0.74997477099849 0.692681748545377
"27" 0.88477909162418 0.512351726511085 0.933012701892219 0.565061414634625 0.692681748545377
"28" 0.86223884380449 0.519347961498097 0.933012701892219 0.569104851423482 0.692681748545377
"29" 0.875705940801797 0.502462007079489 0.933012701892219 0.523996111753462 0.692681748545377
"30" 0.875986932502757 0.513895338358544 0.933012701892219 0.54442059438656 0.692681748545377
"31" 0.831815654994207 0.515049785807288 1 0.565049984599269 0.692681748545377
"32" 0.801919958482761 0.505199507286793 1 0.560993875130735 0.692681748545377
"33" 0.768891789894644 0.544117536307259 1 0.64435182433454 0.692681748545377
"34" 0.736265954990795 0.534466310117479 1 0.622210719954821 0.692681748545377
"35" 0.687369611602585 0.520460177747502 1 0.571095021075079 0.692681748545377
"36" 0.596368022398337 0.545366219850093 1 0.583617752881032 0.692681748545377
"37" 0.784752302223304 0.441541469803842 1 0.465424507668973 0.692681748545377
"38" 0.762845243032047 0.463647881444546 1 0.498127106107251 0.692681748545377
"39" 0.623585412584376 0.580163771306653 1 0.658548537403252 0.692681748545377
"40" 0.636334056595358 0.567403809421326 1 0.656191562857277 0.692681748545377
"41" 0.637110659116726 0.570404325062507 1 0.72980041333357 0.692681748545377
"42" 0.626854688974884 0.552799427487744 1 0.791423466485415 0.692681748545377
"43" 0.528166750143987 0.537978121182995 1 0.691523504925507 0.692681748545377
"44" 0.644587850232545 0.542920574395467 1 0.740343364551901 0.692681748545377
"45" 0.521041156280602 0.627881314572135 1 0.774131856031144 0.692681748545377
"46" 0.572674792302376 0.634973113221494 1 0.715699794500276 0.692681748545377
"47" 0.530303184752241 0.656275036896228 1 0.687486137391346 0.692681748545377
"48" 0.313385805848796 0.525836401295054 1 0.187336187431445 0.692681748545377
"49" 0.658424569830144 0.600865940486522 1 0.985377892969453 0.692681748545377
"50" 0.585412089243778 0.643797082154736 1 0.80240020665914 0.692681748545377
"51" 0.600247000298841 0.571522432180645 1 0.764564950897059 0.692681748545377
"52" 0.480557273595061 0.605687199262373 1 0.898902761864651 0.692681748545377
"53" 0.572527928991048 0.663874741734277 0.933012701892219 0.658018325676129 0.692681748545377
"54" 0.758815586709828 0.513562772536839 0.933012701892219 0.650636023015965 0.692681748545377
"55" 0.668292237752798 0.514708780972213 0.933012701892219 0.625159342679661 0.692681748545377
"56" 0.687157525548478 0.488616827263706 0.933012701892219 0.575437637968062 0.692681748545377
"57" 0.839667232932028 0.488029363866749 1 0.594079677847931 0.692681748545377
"58" 0.753059643032136 0.449751009367695 1 0.533040270953228 0.692681748545377
"59" 0.733202548274537 0.416020795392791 0.933012701892219 0.445691427766124 0.692681748545377
"60" 0.906903141398905 0.409149277960753 0.933012701892219 0.433274844495531 0.692681748545377
"61" 0.768923164359941 0.433890923859393 1 0.481418312510726 0.692681748545377
"62" 0.975410639405814 0.411746350654812 0.933012701892219 0.466318036407135 0.692681748545377
"63" 0.566018734593996 0.406229110941593 0.933012701892219 0.438736161316311 0.692681748545377
"64" 0.913883650206012 0.423613678129031 1 0.431533114176841 0.692681748545377
"65" 0.563751189215003 0.7005218198398 1 0.573950330973745 0.692681748545377
"66" 0.518205729082441 0.725869306094203 1 0.57519691673972 0.692681748545377
"67" 0.576224018313574 0.717125736822846 1 0.86276551955332 0.692681748545377
"68" 0.661923343514903 0.718674488523846 1 0.810001750561655 0.692681748545377
"69" 0.515566108132826 0.686267173868734 1 0.559387264485011 0.692681748545377
"70" 0.53980968625159 0.708711489537791 1 0.640402136337653 0.692681748545377
"71" 0.803829218122484 0.708224711704815 1 0.974775226365898 0.692681748545377
"72" 0.773944796540433 0.676266260221073 1 0.834261263909647 0.692681748545377
"73" 0.713044219809863 0.668733126368767 0.933012701892219 0.894923208280095 0.692681748545377
"74" 0.88373261720318 0.59779697038457 1 0.686900597305423 0.692681748545377
"75" 0.871311721422337 0.605487718544141 1 0.693804535017847 0.692681748545377
"76" 0.893541413526836 0.555960476793228 1 0.617027764817585 0.692681748545377
"77" 0.937532725514043 0.516176308316914 1 0.549542906209057 0.692681748545377
"78" 0.897153514895665 0.571300697308531 1 0.628529053504614 0.692681748545377
"79" 0.74599421516078 0.561325408602621 1 0.575606181219678 0.692681748545377
"80" 0.731390993416614 0.579620258579269 1 0.606613711540271 0.692681748545377
"81" 0.763239721541186 0.610364862964063 1 0.628039992379746 0.692681748545377
"82" 0.842441829110205 0.63468344837153 1 0.648775957731939 0.692681748545377
"83" 0.806043701641202 0.657720318245191 1 0.678867905120255 0.692681748545377
"84" 0.879974982124597 0.575256747760488 1 0.579047542010866 0.692681748545377
"85" 0.856903949576442 0.536306843963555 1 0.549750894445622 0.692681748545377
"86" 0.913499188987727 0.421889899293164 1 0.435885545056621 0.692681748545377
"87" 0.618770750377441 0.427416632458271 0.933012701892219 0.437873445041327 0.692681748545377
"88" 0.742752150335889 0.447496480102967 0.933012701892219 0.46401368043775 0.692681748545377
"89" 0.538583890153207 0.632654109959596 1 0.707611143577459 0.692681748545377
"90" 0.493897021103288 0.645904780533619 1 0.767586945660622 0.692681748545377
"91" 0.480879092706173 0.663919952181171 1 0.810917273542003 0.692681748545377
"92" 0.433078452235276 0.667148944031463 1 0.903870890954633 0.692681748545377
"93" 0.426767649501383 0.674258346241387 1 0.990358174799368 0.692681748545377
"94" 0.390073309311383 0.653941444777788 1 0.880546854666529 0.692681748545377
"95" 0.44445351424904 0.672669559336401 1 0.820254882505365 0.692681748545377
"96" 0.490848090075981 0.678420113404417 1 0.876657571218361 0.692681748545377
"97" 0.430822328830002 0.682732709333801 1 0.720336205225698 0.692681748545377
"98" 0.749315557991535 0.446375316108554 1 0.489210596522728 0.692681748545377
"99" 0.506798738235405 0.501721691189972 1 0.634336324188485 0.692681748545377
"100" 0.671003119255271 0.499615711012564 0.933012701892219 0.704570390115211 0.692681748545377
