"bias.score" "rmse.score" "phase.score" "iav.score" "dist.score"
"1" 0.00153836092680454 0.00352994403673106 1 0.000687965046529443 0.683307398536837
"2" 0.27418186291337 0.247061988301372 1 0.246988857547271 0.683307398536837
"3" 0.850674341631317 0.506071860532959 1 0.635541772208712 0.683307398536837
"4" 0.209649505899722 0.196640755112387 1 0.160698857619879 0.683307398536837
"5" 0.0431285108347799 0.0637624839537629 1 0.0738478376491716 0.683307398536837
"6" 0.00872867844048127 0.0220564422059149 1 0.0201148071305448 0.683307398536837
"7" 0.0614632974721829 0.0571912876562489 0.933012701892219 0.0045218131760003 0.683307398536837
"8" 0.891134516973188 0.574695382357285 0.933012701892219 0.397708980750543 0.683307398536837
"9" 0.739248946751498 0.651299422034885 0.933012701892219 0.771582832241207 0.683307398536837
"10" 0.725257015105057 0.635947404924305 0.933012701892219 0.871163065387304 0.683307398536837
"11" 0.786876707730572 0.605260417585799 0.933012701892219 0.717944019067262 0.683307398536837
"12" 0.96547198251695 0.572589620594026 1 0.480646090446526 0.683307398536837
"13" 0.977821504737397 0.584439671591342 1 0.582604023425521 0.683307398536837
"14" 0.989534807613888 0.587511878131008 0.933012701892219 0.597211223234906 0.683307398536837
"15" 0.800319755669792 0.521206345421484 0.933012701892219 0.382739216690103 0.683307398536837
"16" 0.248695513173926 0.207176656723764 1 0.0763655838434682 0.683307398536837
"17" 0.00853702228618078 0.0129614160666234 1 0.000768954128224785 0.683307398536837
"18" 5.72433512657707e-07 3.5579593573893e-06 1 2.6162961303225e-07 0.683307398536837
"19" 0.286623792694564 0.264452694071631 0.933012701892219 0.497656934363825 0.683307398536837
"20" 0.545390771160146 0.415385255704959 0.933012701892219 0.699098608586215 0.683307398536837
"21" 0.564091149083122 0.427418884670236 0.933012701892219 0.566617621030852 0.683307398536837
"22" 2.38158290320658e-11 3.9534091805629e-09 0.0669872981077806 5.11538028932127e-08 0.683307398536837
"23" 0.162530578106258 0.195692961264835 0.933012701892219 0.245891767895894 0.683307398536837
"24" 0.000286569554945949 0.0019659728488854 0.0669872981077806 0.00430572276617546 0.683307398536837
"25" 4.65540215344566e-12 6.67137932277146e-09 0.933012701892219 1.32228136115384e-08 0.683307398536837
"26" 0.933719693465698 0.582923387982494 1 0.419501007558383 0.683307398536837
"27" 0.279502918129892 0.215073124330141 1 0.052791249046937 0.683307398536837
"28" 0.926937081906422 0.590347271145237 1 0.331633899965678 0.683307398536837
"29" 0.798122994231642 0.641694110447809 1 0.596951936351511 0.683307398536837
"30" 0.765266100159422 0.620987323782431 1 0.619079429934898 0.683307398536837
"31" 0.640333713300327 0.594998141018209 1 0.83480341281391 0.683307398536837
"32" 0.705641365205068 0.612294177780759 1 0.692967951153293 0.683307398536837
"33" 0.854910899448286 0.615247054675737 1 0.562591420356919 0.683307398536837
"34" 0.915256038537905 0.632895111469811 1 0.630467131055084 0.683307398536837
"35" 0.936974038958329 0.629177229657274 1 0.823782214772928 0.683307398536837
"36" 0.920369875350216 0.61040366703058 1 0.953410967825719 0.683307398536837
"37" 0.791941859795648 0.609097913011292 1 0.891351141683449 0.683307398536837
"38" 0.772543598400301 0.600871666204699 1 0.956802558203444 0.683307398536837
"39" 0.831093010017039 0.572816853031357 0.933012701892219 0.858415924854639 0.683307398536837
"40" 0.967545514337714 0.55609680810884 0.933012701892219 0.706102828856446 0.683307398536837
"41" 0.938118987305519 0.563931414088248 1 0.594507271887878 0.683307398536837
"42" 0.968144501321347 0.579621624666052 1 0.504757123150816 0.683307398536837
"43" 0.867538627745578 0.605436307540443 1 0.449745539735612 0.683307398536837
"44" 0.773085560755068 0.619254251671475 1 0.482929540352323 0.683307398536837
"45" 0.714556494655395 0.626172603607927 1 0.648421416709504 0.683307398536837
"46" 0.795963539334837 0.649396738746986 1 0.769874156646021 0.683307398536837
"47" 0.564363013194455 0.409037548162716 1 0.35992025439334 0.683307398536837
"48" 0.847255705519165 0.523861357593203 1 0.741300937692175 0.683307398536837
"49" 0.912898063392689 0.538684350638757 1 0.771971989203586 0.683307398536837
"50" 0.866689390200146 0.54953858932424 1 0.852911789568368 0.683307398536837
"51" 0.754925989413645 0.535680364609155 1 0.718803820126877 0.683307398536837
"52" 0.00381107188459595 0.0049394684099137 1 0.00258309296470365 0.683307398536837
"53" 0.304703024868288 0.233027663119766 1 0.175164690112721 0.683307398536837
"54" 0.310640922614458 0.281899291010229 0.933012701892219 0.417395112226186 0.683307398536837
"55" 0.500616527596711 0.400469234154803 0.933012701892219 0.516649083779747 0.683307398536837
"56" 0.672587859353672 0.440951822990146 0.933012701892219 0.678783792930844 0.683307398536837
"57" 0.485049691587685 0.439860544976684 0.933012701892219 0.548772408461276 0.683307398536837
"58" 0.692126318228572 0.457194150073737 1 0.467683190867253 0.683307398536837
"59" 0.753587227634934 0.4900978736523 0.933012701892219 0.502857847882232 0.683307398536837
"60" 0.766373827311258 0.495851993601969 0.933012701892219 0.49268846151864 0.683307398536837
"61" 0.962831512581345 0.55902166324155 0.933012701892219 0.62227351108984 0.683307398536837
"62" 0.899453996941811 0.581738279014733 0.933012701892219 0.750119444396093 0.683307398536837
"63" 0.970786248105191 0.549919146309714 0.933012701892219 0.633136308292727 0.683307398536837
"64" 0.458162613106074 0.312648484169978 1 0.293893232330329 0.683307398536837
"65" 0.60820198149136 0.405122646371253 1 0.41465097575281 0.683307398536837
"66" 0.810803740981831 0.597667063223841 1 0.744313702482699 0.683307398536837
"67" 0.82209571009667 0.602822537106473 1 0.799803043252552 0.683307398536837
"68" 0.684802599027367 0.426233021633558 1 0.348259925605284 0.683307398536837
"69" 0.998637028685882 0.543002642080577 1 0.463254815593715 0.683307398536837
"70" 0.127640950452358 0.096310906699538 1 0.0263249292217721 0.683307398536837
"71" 0.894148195850052 0.577266011463343 1 0.661274081489567 0.683307398536837
"72" 0.743164894906377 0.599519706630652 1 0.836608313514936 0.683307398536837
"73" 0.68402919241554 0.600410145113539 1 0.846871401829681 0.683307398536837
"74" 0.694927995794638 0.60756523929279 1 0.831576491383148 0.683307398536837
"75" 0.69128854164779 0.609929954614966 1 0.872152090259938 0.683307398536837
"76" 0.577496567795648 0.579953975426867 1 0.786700260710139 0.683307398536837
"77" 0.647855904623505 0.607475404840682 1 0.74101377097029 0.683307398536837
"78" 0.958498388695287 0.597367549620216 1 0.765744679738006 0.683307398536837
"79" 0.723859696276001 0.484012853743391 0.933012701892219 0.751268612453654 0.683307398536837
"80" 0.955598355242004 0.531774094840606 0.933012701892219 0.870812918070515 0.683307398536837
"81" 0.907056128730714 0.533926105306495 1 0.890369269476781 0.683307398536837
"82" 0.899172896395187 0.553940822051793 1 0.869038157441208 0.683307398536837
"83" 0.989402369216389 0.551950393516667 1 0.914731907578868 0.683307398536837
"84" 0.829723104353205 0.49344817126204 1 0.786330272883809 0.683307398536837
"85" 0.865489291608571 0.501340291684463 1 0.725414887329592 0.683307398536837
"86" 0.989937727306415 0.540368524140977 1 0.675142755876741 0.683307398536837
"87" 0.900909609901405 0.553065206328093 1 0.630477967995282 0.683307398536837
"88" 0.913125061741156 0.527328887572731 1 0.661266895134692 0.683307398536837
"89" 0.744933429657348 0.518827091550019 0.933012701892219 0.907537961970843 0.683307398536837
"90" 0.763217121879732 0.445251890926964 0.933012701892219 0.338610538180733 0.683307398536837
"91" 0.528063875022588 0.329486631275922 0.933012701892219 0.219306736446778 0.683307398536837
"92" 0.631217990333005 0.403488723150994 0.933012701892219 0.211959896961353 0.683307398536837
"93" 0.931393512091381 0.495368173934714 0.933012701892219 0.858983860657711 0.683307398536837
"94" 0.807951203506644 0.418649937423692 0.933012701892219 0.68616937058036 0.683307398536837
"95" 0.8940992618849 0.488541767748875 1 0.654627787255341 0.683307398536837
"96" 0.997783037458562 0.564132923711889 1 0.879025848247085 0.683307398536837
"97" 0.858033481095852 0.61256883765362 1 0.942373506403298 0.683307398536837
"98" 0.897614855840118 0.593756340692453 1 0.825802425931421 0.683307398536837
"99" 0.900024218734006 0.558282055540472 1 0.671152701854534 0.683307398536837
"100" 0.89078905170382 0.572989577677982 1 0.76755369841403 0.683307398536837
