"bias.score" "rmse.score" "phase.score" "iav.score" "dist.score"
"1" 0.0255703110478116 0.0195014786494754 0.933012701892219 4.99815121260441e-15 0.924907946555125
"2" 0.44409592470233 0.27141761625981 0.933012701892219 0.000706924496116427 0.924907946555125
"3" 0.776965458744753 0.406820523041869 1 2.57441474701144e-06 0.924907946555125
"4" 0.4492399591884 0.313056391924702 0.933012701892219 9.63438347074343e-05 0.924907946555125
"5" 0.905107715838081 0.683627095514663 1 0.00687141559330467 0.924907946555125
"6" 0.385772275416752 0.192979224240282 1 2.25488820105953e-07 0.924907946555125
"7" 0.580819856696427 0.361446188548298 1 3.16535963085287e-05 0.924907946555125
"8" 0.956034566649928 0.651818351952915 0.933012701892219 0.0269341431270143 0.924907946555125
"9" 0.884313265825623 0.634569528098126 0.933012701892219 0.0763476215203885 0.924907946555125
"10" 0.504908132961965 0.301515014888786 0.933012701892219 0.000425512744985559 0.924907946555125
"11" 0.760057598068732 0.545704927800134 1 0.00655565918087147 0.924907946555125
"12" 0.939865973291471 0.700703440604972 1 0.0585377571326594 0.924907946555125
"13" 0.793870404493995 0.590372773075848 1 0.0118557660025425 0.924907946555125
"14" 0.906308186195365 0.701200481439825 1 0.0860684313164057 0.924907946555125
"15" 0.898742955437893 0.691909276381834 0.933012701892219 0.0449697986128886 0.924907946555125
"16" 1.032990493582e-07 3.52316867947238e-06 0.5 2.45099622983294e-11 0.924907946555125
"17" 0.792304453896096 0.582506304344035 0.933012701892219 0.00300414395860701 0.924907946555125
"18" 0.421402309151584 0.211625805294643 0.933012701892219 4.86787573057141e-06 0.924907946555125
"19" 0.940781582342468 0.64726380704345 0.933012701892219 0.082784340099239 0.924907946555125
"20" 0.991407818168762 0.593010284715196 0.933012701892219 0.0405192108872392 0.924907946555125
"21" 7.0727581585473e-25 7.82415874977896e-41 0.933012701892219 9.11089904382075e-129 0.924907946555125
"22" 4.03524341279233e-53 2.37145901537711e-84 0.933012701892219 2.06102942983169e-134 0.924907946555125
"23" 0.0358412058635666 0.0289552325608267 1 1.6628270551974e-09 0.924907946555125
"24" 4.52573499353188e-95 3.55437854074267e-17 0.25 1.82926223763708e-83 0.924907946555125
"25" 9.73943713205793e-10 2.43052076502322e-07 0.5 1.02422801042978e-14 0.924907946555125
"26" 0.756437124931842 0.502999103225707 0.933012701892219 0.00247528160958151 0.924907946555125
"27" 0.826354866615112 0.610088775012312 0.933012701892219 0.137983915110932 0.924907946555125
"28" 0.791378039332855 0.604736450175058 0.933012701892219 0.262321075756247 0.924907946555125
"29" 0.720333327984774 0.528417039705997 1 0.0154732383920529 0.924907946555125
"30" 0.920310777935477 0.703398386176848 1 0.146340510249104 0.924907946555125
"31" 0.921381003741743 0.674052418133744 0.933012701892219 0.0997532013408644 0.924907946555125
"32" 0.926708808457238 0.691183215605551 1 0.168956790257742 0.924907946555125
"33" 0.914180684817691 0.711866889465396 1 0.168180926163242 0.924907946555125
"34" 0.897204985646751 0.725662123162928 1 0.15727457254511 0.924907946555125
"35" 0.848368229614225 0.7202216061652 1 0.322122767758577 0.924907946555125
"36" 0.851882197053189 0.711924099513952 1 0.273539567572969 0.924907946555125
"37" 0.860718743409959 0.712491172989856 1 0.239159102725459 0.924907946555125
"38" 0.871589557337 0.701948904704729 1 0.386420957461369 0.924907946555125
"39" 0.974407428607017 0.710015473279844 0.933012701892219 0.0939853882123244 0.924907946555125
"40" 0.977856076289075 0.615869359790313 1 0.0574097246415304 0.924907946555125
"41" 0.948603989836128 0.637133804046736 1 0.0923483458189829 0.924907946555125
"42" 0.950251562259827 0.730158735122246 1 0.0907832932740901 0.924907946555125
"43" 0.920916916600879 0.720683837898188 1 0.143099501519321 0.924907946555125
"44" 0.897416408353288 0.687973354005739 0.933012701892219 0.163283464821034 0.924907946555125
"45" 0.900196448621794 0.680938847952799 0.933012701892219 0.169907294755232 0.924907946555125
"46" 0.974641426229299 0.679388525660659 0.933012701892219 0.117439858060065 0.924907946555125
"47" 0.945640204074931 0.671536069151449 0.933012701892219 0.105104631872577 0.924907946555125
"48" 0.89103378321223 0.696316470237217 0.933012701892219 0.0469943500861983 0.924907946555125
"49" 0.991534560849796 0.702314157662689 0.933012701892219 0.0564749587859164 0.924907946555125
"50" 0.927401182661419 0.673854372379929 0.933012701892219 0.0810227845639185 0.924907946555125
"51" 0.625548993880072 0.470454047502531 0.933012701892219 0.00131302546793934 0.924907946555125
"52" 0.916925466853361 0.680659014703361 0.933012701892219 0.0919559436265717 0.924907946555125
"53" 0.95547525275232 0.712174854618904 0.933012701892219 0.0878898558317953 0.924907946555125
"54" 0.94998275591898 0.702606297139546 0.933012701892219 0.101993639058827 0.924907946555125
"55" 0.97860350740191 0.708183538624933 0.933012701892219 0.115656283558334 0.924907946555125
"56" 0.2714545654728 0.105022955474563 0.933012701892219 0.000143212320232381 0.924907946555125
"57" 0.867861177407218 0.515024754967728 0.933012701892219 0.026658677146744 0.924907946555125
"58" 0.792704238552832 0.483389659393599 0.933012701892219 0.0195159268990619 0.924907946555125
"59" 0.83993107958806 0.532075985766169 0.933012701892219 0.0152314585706276 0.924907946555125
"60" 0.778550976270629 0.465852409117339 0.933012701892219 0.00767702061295995 0.924907946555125
"61" 0.845988473641777 0.514840249808453 0.933012701892219 0.00358295177426984 0.924907946555125
"62" 0.407461815232339 0.125585526145683 1 0.000781740808287973 0.924907946555125
"63" 0.977883707779678 0.639503185203332 1 0.0563343526681893 0.924907946555125
"64" 0.632545384060668 0.346625226985723 1 0.000609846172197895 0.924907946555125
"65" 0.944604735481603 0.619932319295333 1 0.0107254234894218 0.924907946555125
"66" 0.649119733922464 0.400862046970042 1 0.00779986564793275 0.924907946555125
"67" 0.054240401165305 0.00643614222309663 1 1.40537802612789e-10 0.924907946555125
"68" 0.628764937461514 0.623377388641385 1 0.00668720377435668 0.924907946555125
"69" 0.854342820222093 0.660280487590665 1 0.0297861612985724 0.924907946555125
"70" 0.969994252220821 0.641308613872517 1 0.0777028205697296 0.924907946555125
"71" 0.990040824952096 0.653871980684296 1 0.061357616769245 0.924907946555125
"72" 0.921219147221068 0.612786073901847 1 0.0151084193760137 0.924907946555125
"73" 0.873638643051535 0.61495596413983 1 0.0301409672455953 0.924907946555125
"74" 0.876745276270344 0.653091567914716 1 0.154590512045161 0.924907946555125
"75" 0.845359953484982 0.643729420196586 1 0.164396518427388 0.924907946555125
"76" 0.952986175570361 0.660391773378136 0.933012701892219 0.100524995968151 0.924907946555125
"77" 0.873247552057017 0.673900910443655 1 0.22787251379735 0.924907946555125
"78" 0.884315732828951 0.690251943463441 1 0.195314423957101 0.924907946555125
"79" 0.7909995930072 0.672907653338233 1 0.376403882232862 0.924907946555125
"80" 0.811766576358321 0.691762626563889 1 0.349985572796075 0.924907946555125
"81" 0.966909404644334 0.727376038499716 1 0.14671681923081 0.924907946555125
"82" 0.936540152023576 0.718061441527765 1 0.131422904311532 0.924907946555125
"83" 0.967197492202744 0.697576662260672 1 0.0767832925902388 0.924907946555125
"84" 0.958236966915961 0.716952598935364 1 0.0980909448018981 0.924907946555125
"85" 0.884707385222175 0.709024604459141 1 0.0980330060365963 0.924907946555125
"86" 0.900433216443983 0.684077439241201 1 0.0914250364788049 0.924907946555125
"87" 0.928766576424733 0.686569257254637 1 0.11448608741418 0.924907946555125
"88" 0.920356754303596 0.654668937231736 1 0.106564281105108 0.924907946555125
"89" 0.998814903736851 0.525372900171751 1 0.047336030386676 0.924907946555125
"90" 0.944317444593458 0.504992520322075 1 0.0642071432785699 0.924907946555125
"91" 0.920516157467326 0.551376402535882 1 0.214338596394531 0.924907946555125
"92" 0.986015471580451 0.683274081571445 1 0.39511904566774 0.924907946555125
"93" 0.948415651835935 0.701205787051617 1 0.28805174272465 0.924907946555125
"94" 0.965116643834186 0.703990916144578 1 0.316337345909423 0.924907946555125
"95" 0.963779130945877 0.67404773908943 1 0.27554777807688 0.924907946555125
"96" 0.956874436696114 0.672536234696584 1 0.184724931195616 0.924907946555125
"97" 0.93409803429339 0.645826671286778 1 0.0987365930212346 0.924907946555125
"98" 0.946270362372135 0.656322970790995 1 0.0891092597009243 0.924907946555125
"99" 0.916034237564513 0.670102050883817 1 0.0744393665175775 0.924907946555125
"100" 0.76198602580169 0.556771240129431 1 0.09350603305374 0.924907946555125
