"bias.score" "rmse.score" "phase.score" "iav.score" "dist.score"
"1" NA NA NA NA 0.593088649840154
"2" NA NA NA NA 0.593088649840154
"3" NA NA NA NA 0.593088649840154
"4" NA NA NA NA 0.593088649840154
"5" NA NA NA NA 0.593088649840154
"6" NA NA NA NA 0.593088649840154
"7" NA NA NA NA 0.593088649840154
"8" NA NA NA NA 0.593088649840154
"9" NA NA NA NA 0.593088649840154
"10" NA NA NA NA 0.593088649840154
"11" NA NA NA NA 0.593088649840154
"12" NA NA NA NA 0.593088649840154
"13" NA NA NA NA 0.593088649840154
"14" NA NA NA NA 0.593088649840154
"15" NA NA NA NA 0.593088649840154
"16" NA NA NA NA 0.593088649840154
"17" NA NA NA NA 0.593088649840154
"18" NA NA NA NA 0.593088649840154
"19" NA NA NA NA 0.593088649840154
"20" NA NA NA NA 0.593088649840154
"21" NA NA NA NA 0.593088649840154
"22" NA NA NA NA 0.593088649840154
"23" NA NA NA NA 0.593088649840154
"24" NA NA NA NA 0.593088649840154
"25" NA NA NA NA 0.593088649840154
"26" NA NA NA NA 0.593088649840154
"27" NA NA NA NA 0.593088649840154
"28" NA NA NA NA 0.593088649840154
"29" NA NA NA NA 0.593088649840154
"30" NA NA NA NA 0.593088649840154
"31" NA NA NA NA 0.593088649840154
"32" NA NA NA NA 0.593088649840154
"33" NA NA NA NA 0.593088649840154
"34" NA NA NA NA 0.593088649840154
"35" NA NA NA NA 0.593088649840154
"36" NA NA NA NA 0.593088649840154
"37" NA NA NA NA 0.593088649840154
"38" NA NA NA NA 0.593088649840154
"39" NA NA NA NA 0.593088649840154
"40" NA NA NA NA 0.593088649840154
"41" NA NA NA NA 0.593088649840154
"42" NA NA NA NA 0.593088649840154
"43" NA NA NA NA 0.593088649840154
"44" NA NA NA NA 0.593088649840154
"45" NA NA NA NA 0.593088649840154
"46" NA NA NA NA 0.593088649840154
"47" NA NA NA NA 0.593088649840154
"48" NA NA NA NA 0.593088649840154
"49" NA NA NA NA 0.593088649840154
"50" NA NA NA NA 0.593088649840154
"51" NA NA NA NA 0.593088649840154
"52" NA NA NA NA 0.593088649840154
"53" NA NA NA NA 0.593088649840154
"54" NA NA NA NA 0.593088649840154
"55" NA NA NA NA 0.593088649840154
"56" NA NA NA NA 0.593088649840154
"57" NA NA NA NA 0.593088649840154
"58" NA NA NA NA 0.593088649840154
"59" NA NA NA NA 0.593088649840154
"60" NA NA NA NA 0.593088649840154
"61" NA NA NA NA 0.593088649840154
"62" NA NA NA NA 0.593088649840154
"63" NA NA NA NA 0.593088649840154
"64" NA NA NA NA 0.593088649840154
"65" NA NA NA NA 0.593088649840154
"66" NA NA NA NA 0.593088649840154
"67" NA NA NA NA 0.593088649840154
"68" NA NA NA NA 0.593088649840154
"69" NA NA NA NA 0.593088649840154
"70" NA NA NA NA 0.593088649840154
"71" NA NA NA NA 0.593088649840154
"72" NA NA NA NA 0.593088649840154
"73" NA NA NA NA 0.593088649840154
"74" NA NA NA NA 0.593088649840154
"75" NA NA NA NA 0.593088649840154
"76" NA NA NA NA 0.593088649840154
"77" NA NA NA NA 0.593088649840154
"78" NA NA NA NA 0.593088649840154
"79" NA NA NA NA 0.593088649840154
"80" NA NA NA NA 0.593088649840154
"81" NA NA NA NA 0.593088649840154
"82" NA NA NA NA 0.593088649840154
"83" NA NA NA NA 0.593088649840154
"84" NA NA NA NA 0.593088649840154
"85" NA NA NA NA 0.593088649840154
"86" NA NA NA NA 0.593088649840154
"87" NA NA NA NA 0.593088649840154
"88" NA NA NA NA 0.593088649840154
"89" NA NA NA NA 0.593088649840154
"90" NA NA NA NA 0.593088649840154
"91" NA NA NA NA 0.593088649840154
"92" NA NA NA NA 0.593088649840154
"93" NA NA NA NA 0.593088649840154
"94" NA NA NA NA 0.593088649840154
"95" NA NA NA NA 0.593088649840154
"96" NA NA NA NA 0.593088649840154
"97" NA NA NA NA 0.593088649840154
"98" NA NA NA NA 0.593088649840154
"99" NA NA NA NA 0.593088649840154
"100" NA NA NA NA 0.593088649840154
