"bias.score" "rmse.score" "phase.score" "iav.score" "dist.score"
"1" 0.153792616609436 0.627429684316366 0.75 0.700477630421926 0.697236982682177
"2" 0.49014476134847 0.443064919354071 1 0.464804396498627 0.697236982682177
"3" 0.387992036349292 0.36631515810038 0.25 0.605151336006554 0.697236982682177
"4" 0.109483356457812 0.401856364842554 0.933012701892219 0.446376984919089 0.697236982682177
"5" 0.0114997132309887 0.370649029114275 0.75 0.380423094922908 0.697236982682177
"6" 0.0550597297926951 0.394440738197118 0.933012701892219 0.446591610860019 0.697236982682177
"7" 0.976845619370788 0.541168290702259 0.75 0.47619715395985 0.697236982682177
"8" 0.529577436052595 0.390301120833971 0.75 0.436132847491716 0.697236982682177
"9" 0.485531411572669 0.502493510480926 0.933012701892219 0.460673036354015 0.697236982682177
"10" 0.101249033317456 0.368532668845791 0.25 0.371125032515601 0.697236982682177
"11" 0.818253389038591 0.419414016916395 0.75 0.402391751596741 0.697236982682177
"12" 0.905672937237475 0.540753401958257 1 0.420225379305446 0.697236982682177
"13" 0.16758359692939 0.51111703147519 1 0.59068100705323 0.697236982682177
"14" 0.183538822866864 0.255221143868038 0.933012701892219 0.510125546207024 0.697236982682177
"15" 0.956721039323332 0.252713933774777 0.25 0.41623835347136 0.697236982682177
"16" 0.954141404466602 0.241132319941316 0.5 0.439738754067885 0.697236982682177
"17" 0.319093919381925 0.215314625839925 0.5 0.432093922697413 0.697236982682177
"18" NA NA NA NA 0.697236982682177
"19" 0.79707067849243 0.297811979940747 0.75 0.401172291796426 0.697236982682177
"20" 0.613634126342604 0.566311737829289 1 0.599782799293828 0.697236982682177
"21" 0.602558200180266 0.280067588865143 0.75 0.646785620475037 0.697236982682177
"22" 0.772806658410241 0.242860329827273 0.5 0.479995158384898 0.697236982682177
"23" 0.820370800394976 0.590604896584842 1 0.498720199694249 0.697236982682177
"24" 0.605837149070959 0.481213038475104 0.933012701892219 0.422299359535927 0.697236982682177
"25" 0.591290173537632 0.490771845577015 0.933012701892219 0.419834489517504 0.697236982682177
"26" 0.629153079888483 0.520622763193302 0.933012701892219 0.444863707492731 0.697236982682177
"27" 0.619578798020889 0.292571095931714 0.75 0.474389385477477 0.697236982682177
"28" 0.335736198791996 0.339401352818864 0.933012701892219 0.510738289801138 0.697236982682177
"29" 0.880713286615816 0.549922655090032 0.933012701892219 0.439607300664347 0.697236982682177
"30" 0.16189312097196 0.416365184729285 0.933012701892219 0.759909999085149 0.697236982682177
"31" 0.823165137336807 0.418387396391707 0.75 0.526760301898948 0.697236982682177
"32" 0.504456230620721 0.393280006688316 0.75 0.441828038738624 0.697236982682177
"33" 0.564129906333623 0.469373302052091 1 0.592697477690023 0.697236982682177
"34" 0.501727441025232 0.1645044495228 0.5 0.504708984808916 0.697236982682177
"35" 0.214631915465848 0.483197134305269 0.933012701892219 0.482301465147525 0.697236982682177
"36" 0.966940176396208 0.39588197081621 0.933012701892219 0.570473311497255 0.697236982682177
"37" 0.18030683829005 0.334839629140241 0.933012701892219 0.679244931390144 0.697236982682177
"38" 0.407366314687774 0.54095785875644 1 0.475194886781211 0.697236982682177
"39" 0.840038685390325 0.531695500942025 0.75 0.478603012550024 0.697236982682177
"40" 0.522224169031347 0.446686502327686 0.933012701892219 0.449652131669711 0.697236982682177
"41" 0.722836425497019 0.676771788254998 1 0.512540080247559 0.697236982682177
"42" 0.683150448444118 0.767011434540444 1 0.674776868986391 0.697236982682177
"43" 0.587093912108232 0.757205131278901 1 0.682286374438899 0.697236982682177
"44" 0.231981212590458 0.367172038554776 1 0.948150365702552 0.697236982682177
"45" NA NA NA NA 0.697236982682177
"46" 0.287727096085601 0.417483458357393 0.933012701892219 0.465086383680185 0.697236982682177
"47" 0.590352872592696 0.600980781905547 1 0.484757204311691 0.697236982682177
"48" 0.516291498435229 0.521163036132391 1 0.409618818141229 0.697236982682177
"49" 0.751864289771271 0.542694337548612 0.933012701892219 0.412371488571217 0.697236982682177
"50" 0.881183184886089 0.677734249489318 1 0.477210949432095 0.697236982682177
"51" 0.579715775233818 0.485301304643235 0.933012701892219 0.481326243888172 0.697236982682177
"52" 0.768471279591006 0.582996777607313 1 0.487976968482929 0.697236982682177
"53" 0.966616638162254 0.477131423127599 1 0.413957912867682 0.697236982682177
"54" 0.763008319583253 0.56783685232662 1 0.467229213435546 0.697236982682177
"55" 0.932579272480872 0.679980222231366 1 0.475252040025795 0.697236982682177
"56" 0.187416313151239 0.346853390358707 1 0.58125408093028 0.697236982682177
"57" 0.972142175389922 0.46317328308132 0.933012701892219 0.430573562503771 0.697236982682177
"58" 0.280466404417854 0.357639447981252 1 0.492965431555801 0.697236982682177
"59" 0.607369368126951 0.572268539176237 0.933012701892219 0.52487225064507 0.697236982682177
"60" 0.817406710697567 0.568865577456464 0.933012701892219 0.470987872861466 0.697236982682177
"61" 0.957162295636837 0.458182988513344 1 0.456927847418153 0.697236982682177
"62" 0.727980381264269 0.520486416680929 0.933012701892219 0.444598671572307 0.697236982682177
"63" 0.120245992199487 0.430757356711609 1 0.923151644519539 0.697236982682177
"64" 0.364145734227124 0.33703582655187 1 0.510614302252678 0.697236982682177
"65" 0.260041850125577 0.592940872409216 0.933012701892219 0.574502473917116 0.697236982682177
"66" 0.693945920934343 0.55365470411435 1 0.463622819115737 0.697236982682177
"67" 0.86456770384386 0.741363680516655 1 0.697661858385099 0.697236982682177
"68" 0.512935236057363 0.588123680783449 1 0.465097478375498 0.697236982682177
"69" 0.817357986746016 0.603056439700594 1 0.474442969492702 0.697236982682177
"70" 0.791715411644311 0.619418386760786 0.75 0.644870965669817 0.697236982682177
"71" 0.881081945258133 0.543070606247214 1 0.482806274848797 0.697236982682177
"72" 0.931172594445416 0.646336817507903 0.933012701892219 0.471303215094106 0.697236982682177
"73" 0.714233092140872 0.574305509336045 1 0.530194406186045 0.697236982682177
"74" 0.496737198052724 0.371389382348113 0.933012701892219 0.572897635450366 0.697236982682177
"75" 0.908464268559377 0.583564827739682 0.933012701892219 0.470017799927887 0.697236982682177
"76" NA NA NA NA 0.697236982682177
"77" 0.681251406249214 0.676233371748621 1 0.603152471645953 0.697236982682177
"78" 0.20062110473404 0.55982798743581 0.933012701892219 0.531037992095851 0.697236982682177
"79" 0.599490353424309 0.603876024594343 1 0.431231188876713 0.697236982682177
"80" 0.512147460975388 0.408404682703407 0.933012701892219 0.374904165976385 0.697236982682177
"81" 0.490295880289385 0.447133212043379 0.933012701892219 0.381830953660968 0.697236982682177
"82" 0.780537905957881 0.619640152547989 1 0.488951802291506 0.697236982682177
"83" 0.724296345223282 0.626566212546992 0.933012701892219 0.552502602322432 0.697236982682177
"84" 0.476204727151598 0.531838728501687 0.933012701892219 0.550019385646792 0.697236982682177
"85" 0.823664938308655 0.587586187211081 0.933012701892219 0.43451873261366 0.697236982682177
"86" 0.721382115443215 0.676295059749498 1 0.500151757913051 0.697236982682177
"87" 0.759734217332639 0.626633013890266 0.933012701892219 0.540297577487564 0.697236982682177
"88" 0.857937734705777 0.631301178111543 1 0.493990130506039 0.697236982682177
"89" 0.807003604330331 0.446333852302319 0.75 0.404771856918259 0.697236982682177
"90" 0.798473761448262 0.537761874433163 1 0.425026861329443 0.697236982682177
"91" 0.767086328078124 0.531371059755209 0.933012701892219 0.415693580911014 0.697236982682177
"92" 0.937435535770926 0.67501180646086 1 0.519071823410837 0.697236982682177
"93" 0.729628708475766 0.579639972786768 1 0.445931425031191 0.697236982682177
"94" 0.707084156711056 0.633047386514343 0.933012701892219 0.572915706449668 0.697236982682177
"95" 0.605239402632514 0.43855796711165 0.933012701892219 0.39394926455695 0.697236982682177
"96" 0.799552968509594 0.455060466681257 1 0.43498897751964 0.697236982682177
"97" 0.714888283953273 0.480094998830684 1 0.435689782721309 0.697236982682177
"98" 0.496931869493477 0.687055658345279 1 0.648847330293811 0.697236982682177
"99" NA NA NA NA 0.697236982682177
"100" 0.338972789598589 0.559412379374199 1 0.509903154287505 0.697236982682177
