"bias.score" "rmse.score" "phase.score" "iav.score" "dist.score"
"1" 0.181768457917272 0.482274250985224 1 0.650554724146596 0.677343211070051
"2" 0.569309242832804 0.428231669952797 0.75 0.530662795465357 0.677343211070051
"3" 0.389949943114654 0.320780783141307 0.75 0.980787086996975 0.677343211070051
"4" 0.33612831867546 0.429994689985915 0.75 0.703247624641581 0.677343211070051
"5" 0.00120748219608658 0.362949274412996 0.75 0.399545713253421 0.677343211070051
"6" 0.152247926665701 0.379057225188883 0.0669872981077806 0.497073516237455 0.677343211070051
"7" 0.743035473854692 0.377068760850423 1 0.711281977115392 0.677343211070051
"8" 0.476445861836961 0.369118314379389 0.5 0.658097379972996 0.677343211070051
"9" 0.678748915814553 0.406700083199905 0.75 0.546608773665662 0.677343211070051
"10" 0.254787149181096 0.371570525642205 0.933012701892219 0.371930662994593 0.677343211070051
"11" 0.745704950403974 0.370708345706624 0.5 0.393526135226252 0.677343211070051
"12" 0.847676447579678 0.440160588783374 0.5 0.476922283364804 0.677343211070051
"13" 0.946229065393554 0.496970227650696 1 0.692775463045764 0.677343211070051
"14" 0.901338547387934 0.26855599782749 0.5 0.550796091165889 0.677343211070051
"15" 0.919276311001907 0.320944038590842 0.75 0.42832258659801 0.677343211070051
"16" 0.735187098327311 0.357898858248743 0.75 0.484410820491829 0.677343211070051
"17" 0.510996281407989 0.242127452935254 0.25 0.554222432285052 0.677343211070051
"18" NA NA NA NA 0.677343211070051
"19" 0.355660518917964 0.481738846583021 0.933012701892219 0.435914405941639 0.677343211070051
"20" 0.929838812522105 0.553286022933159 1 0.890327220725917 0.677343211070051
"21" 0.297902043573201 0.328924919499474 0.933012701892219 0.940339173527788 0.677343211070051
"22" 0.640363776429027 0.230501845014148 0.25 0.575867957942555 0.677343211070051
"23" 0.901506554261684 0.432794397103712 1 0.506482059095355 0.677343211070051
"24" 0.744582972971282 0.424988892317063 0.933012701892219 0.420245964898308 0.677343211070051
"25" 0.709606749869309 0.432813326247459 0.933012701892219 0.424906348872443 0.677343211070051
"26" 0.760726522361228 0.438486475134001 0.933012701892219 0.429356859290116 0.677343211070051
"27" 0.259343240509914 0.365157279059432 1 0.607419814626672 0.677343211070051
"28" 0.827832277427463 0.47980241537798 1 0.503854219576969 0.677343211070051
"29" 0.829992723990455 0.436103307274971 0.933012701892219 0.520671136989746 0.677343211070051
"30" 0.422293182690195 0.527305743178647 1 0.971027257920934 0.677343211070051
"31" 0.617037081819563 0.489550274234039 0.75 0.515737409718079 0.677343211070051
"32" 0.616731073062333 0.466123325233264 0.5 0.510400763984581 0.677343211070051
"33" 0.856509383729516 0.661587971584124 1 0.61955725362367 0.677343211070051
"34" 0.774830219961817 0.189679180173576 0.25 0.637308681732484 0.677343211070051
"35" 0.228649700224274 0.481905753287124 0.5 0.669513805614805 0.677343211070051
"36" 0.701830545544916 0.372589248871134 1 0.663005491327652 0.677343211070051
"37" 0.653884934178494 0.695085483321394 0.933012701892219 0.79635305008115 0.677343211070051
"38" 0.44928626666922 0.522814443115646 0.933012701892219 0.505932646382097 0.677343211070051
"39" 0.656846218759305 0.462256778903367 0.25 0.641431583688362 0.677343211070051
"40" 0.523012616820075 0.496825369400403 0.933012701892219 0.521460401477165 0.677343211070051
"41" 0.632856240738807 0.485203645418802 0.75 0.697636466337974 0.677343211070051
"42" 0.864876575523186 0.772978071931936 1 0.789862624300315 0.677343211070051
"43" 0.774919975513056 0.68264152223389 1 0.897798591554143 0.677343211070051
"44" 0.371873153916657 0.335617305158792 1 0.871578767221042 0.677343211070051
"45" NA NA NA NA 0.677343211070051
"46" 0.948551630395676 0.526324742389377 0.5 0.531617928382443 0.677343211070051
"47" 0.673521881801513 0.495139269938311 0.25 0.588189262319018 0.677343211070051
"48" 0.573817832949615 0.527138572436906 0.25 0.458714544032391 0.677343211070051
"49" 0.795192028331534 0.50466588899617 0.933012701892219 0.478700331570061 0.677343211070051
"50" 0.841461032634327 0.541857129252341 0.933012701892219 0.519492089544911 0.677343211070051
"51" 0.452913404919716 0.533575225115831 0.25 0.988517739743283 0.677343211070051
"52" 0.882316556485654 0.520905363776788 0.5 0.621261890143149 0.677343211070051
"53" 0.846676628201393 0.51287491270006 0.933012701892219 0.545453573705581 0.677343211070051
"54" 0.89649895520203 0.501241652948369 0.5 0.525054426362631 0.677343211070051
"55" 0.927948912768464 0.580092526184614 0.933012701892219 0.751473150577132 0.677343211070051
"56" 0.992560282077934 0.582885332651912 0.933012701892219 0.710257871298591 0.677343211070051
"57" 0.91988038340741 0.428931601960863 0.25 0.464787071942371 0.677343211070051
"58" 0.303580441617088 0.466070543557599 0.933012701892219 0.594014916904419 0.677343211070051
"59" 0.548823420846804 0.461601966363643 0.0669872981077806 0.501723495470612 0.677343211070051
"60" 0.942931462432846 0.44981278277138 0.75 0.607871336084005 0.677343211070051
"61" 0.986632120061048 0.329181125479113 0.5 0.51444581285721 0.677343211070051
"62" 0.719858051302933 0.517717013761716 0.75 0.531320686070787 0.677343211070051
"63" 0.0405301136179544 0.0835556073386455 0.933012701892219 0.927075889345109 0.677343211070051
"64" 0.873043993679245 0.451340719968724 0.933012701892219 0.568118758103663 0.677343211070051
"65" 0.380625628671896 0.554819707237253 1 0.953335590142389 0.677343211070051
"66" 0.799594259932487 0.599094126339008 0.933012701892219 0.571976237194765 0.677343211070051
"67" 0.70334096786221 0.609074937710532 0.75 0.856066717520022 0.677343211070051
"68" 0.560687064829011 0.526291992622719 0.75 0.58437714746892 0.677343211070051
"69" 0.571535841812693 0.526973707930965 0.75 0.561429059572073 0.677343211070051
"70" 0.680141601597889 0.505163953433897 0.75 0.708086889673247 0.677343211070051
"71" 0.774160406348298 0.35468464599995 0.25 0.472655873281564 0.677343211070051
"72" 0.785482035101333 0.583774566247389 1 0.501285915940207 0.677343211070051
"73" 0.819156500075738 0.408699170151451 0.5 0.572137212219291 0.677343211070051
"74" 0.724764783306945 0.651679222444404 0.75 0.826350704284142 0.677343211070051
"75" 0.931965404367603 0.559291116308604 1 0.613439969888586 0.677343211070051
"76" NA NA NA NA 0.677343211070051
"77" 0.688922759667195 0.613861917875511 0.75 0.820385879433271 0.677343211070051
"78" 0.553667107410775 0.511167687359794 1 0.51405886463336 0.677343211070051
"79" 0.629104467742221 0.501494600397242 0.75 0.577403398187309 0.677343211070051
"80" 0.389809014484847 0.418082500188651 0.75 0.395453210808412 0.677343211070051
"81" 0.52944738629895 0.425427433660263 0.5 0.412910436279289 0.677343211070051
"82" 0.603160076065751 0.504479549300658 0.75 0.4676291008245 0.677343211070051
"83" 0.794270889559044 0.527751872368772 0.75 0.643027243585204 0.677343211070051
"84" 0.982743101309834 0.469057527826973 0.75 0.508372141760967 0.677343211070051
"85" 0.889778785585691 0.595143103534124 1 0.56816168006739 0.677343211070051
"86" 0.914893757537201 0.630396515903561 0.933012701892219 0.573430341560274 0.677343211070051
"87" 0.759495663616799 0.63379082883233 1 0.801048087907757 0.677343211070051
"88" 0.989112405422088 0.605266961939999 0.933012701892219 0.553712923413687 0.677343211070051
"89" 0.919238511810823 0.470208265243804 0.933012701892219 0.407681906720695 0.677343211070051
"90" 0.719860804006946 0.515507103615697 1 0.601301038697939 0.677343211070051
"91" 0.961930649524819 0.580664293331054 1 0.507903708784169 0.677343211070051
"92" 0.664206834656191 0.547122248575575 1 0.647893601167641 0.677343211070051
"93" 0.816866925101418 0.644003993912284 0.933012701892219 0.447996900614421 0.677343211070051
"94" 0.396152153609232 0.408541440004264 1 0.724384464901107 0.677343211070051
"95" 0.66932496577754 0.475141965841897 1 0.420802578048376 0.677343211070051
"96" 0.892988921707926 0.463910738600367 0.933012701892219 0.418893010088893 0.677343211070051
"97" 0.92341646308767 0.685338722979539 0.933012701892219 0.614472863339996 0.677343211070051
"98" 0.767445223413956 0.697956600815318 1 0.532238182101093 0.677343211070051
"99" NA NA NA NA 0.677343211070051
"100" 0.477343772380851 0.530023626981914 1 0.606659661038544 0.677343211070051
