"bias.score" "rmse.score" "phase.score" "iav.score" "dist.score"
"1" 0.000530173530304592 0.263299199956963 NA 0.745673419294366 0.681727386875631
"2" 0.634448288944903 0.314528733119974 NA 0.861110299869549 0.681727386875631
"3" 0.854484219576376 0.236263332326414 NA 0.986685116817454 0.681727386875631
"4" 0.046772932110103 0.204987471255276 NA 0.690026465950117 0.681727386875631
"5" 0.227490654907872 0.244203028762737 NA 0.721874331845549 0.681727386875631
"6" 1.65487219224529e-06 0.1778267067223 NA 0.3854919111306 0.681727386875631
"7" 0.243511484565865 0.290244218264063 NA 0.68553598625272 0.681727386875631
"8" 0.356503797734127 0.0919056421239517 NA 0.385840572624122 0.681727386875631
"9" 1.38582459819007e-189 2.01337998285037e-39 NA 1.17393621071264e-43 0.681727386875631
"10" 0.00718790383125045 0.140611347602604 NA 0.303220950825952 0.681727386875631
"11" 0.0533368023213567 0.107753506580285 NA 0.316269942415374 0.681727386875631
"12" 0.176681049960735 0.17212784033985 NA 0.678565224756565 0.681727386875631
"13" 0.000237748426899167 0.127184907705878 NA 0.402983559828046 0.681727386875631
"14" 0.68455753621562 0.297062713848964 NA 0.859303356919516 0.681727386875631
"15" 0.600970020177943 0.137626776388417 NA 0.420710015860427 0.681727386875631
"16" 0.180586460993373 0.25596670585121 NA 0.831167832840894 0.681727386875631
"17" 0.395278611606793 0.0698430124994825 NA 0.21396906183578 0.681727386875631
"18" 0.159377709355096 0.201184239183188 NA 0.853085443086293 0.681727386875631
"19" 0.165506546032694 0.0470043779453856 NA 0.165023425259843 0.681727386875631
"20" 0.0148967584168288 0.00861000930849404 NA 0.0210931167181201 0.681727386875631
"21" 0.0103471112605356 0.214346011986056 NA 0.328600067129174 0.681727386875631
"22" 0.0920168023512387 0.221885669192544 NA 0.767206200272314 0.681727386875631
"23" 2.2157543783575e-20 2.94613522216832e-07 NA 7.57803241071958e-07 0.681727386875631
"24" 0.884083684029439 0.291427069663313 NA 0.873210766664226 0.681727386875631
"25" 0.000144025520229048 0.327638730623344 NA 0.774040386903011 0.681727386875631
"26" 0.0184717098697164 0.235084113906185 NA 0.95228341128781 0.681727386875631
"27" 0.144770109428041 0.228696947135126 NA 0.939162253304075 0.681727386875631
"28" 0.0966973202486518 0.279842769239644 NA 0.882390150793711 0.681727386875631
"29" 0.0269236629799565 0.260847857084861 NA 0.739357048302314 0.681727386875631
"30" 0.00196523725922645 0.0244881453369942 NA 0.0649731512962924 0.681727386875631
"31" 0.0172390865969172 0.25142029973924 NA 0.83106370226442 0.681727386875631
"32" 0.293131942938902 0.262813049648267 NA 0.903507513336222 0.681727386875631
"33" 5.25868436827326e-11 3.02793586953966e-07 NA 5.72902997172277e-07 0.681727386875631
"34" 0.563815630882797 0.22802513972215 NA 0.86007910211152 0.681727386875631
"35" 0.590080910706777 0.284758103979891 NA 0.734014395436361 0.681727386875631
"36" 0.72651816271712 0.265638951138361 NA 0.990851243736364 0.681727386875631
"37" 0.211565882187861 0.230945479873017 NA 0.937180476977621 0.681727386875631
"38" 0.004686890106596 0.139630973512366 NA 0.534246674793084 0.681727386875631
"39" 0.0745498679592893 0.121771584669579 NA 0.442384175846526 0.681727386875631
"40" 0.332306152040598 0.0013245158757169 NA 0.00395915085669532 0.681727386875631
"41" 0.0264181201083816 0.095175193212825 NA 0.378400027229859 0.681727386875631
"42" 0.0173305850538295 0.0283020745357075 NA 0.054980749860352 0.681727386875631
"43" 0.251048967489204 0.290913492957138 NA 0.883012344752369 0.681727386875631
"44" 0.00151339020749858 0.192574287457486 NA 0.721201856994533 0.681727386875631
"45" 0.730954377103256 0.194048148613282 NA 0.941258571284036 0.681727386875631
"46" 0.584532700546408 0.181184118361725 NA 0.993459493995891 0.681727386875631
"47" 0.35651143241933 0.025693750266901 NA 0.0648927389192921 0.681727386875631
"48" 0.507786999472209 0.275698353260958 NA 0.707640909468502 0.681727386875631
"49" 0.000813456299285275 0.00299164312865839 NA 0.00748206205476324 0.681727386875631
"50" 0.447035170323875 0.19159157562373 NA 0.859762413314803 0.681727386875631
"51" NA NA NA NA NA
"52" NA NA NA NA NA
"53" NA NA NA NA NA
"54" NA NA NA NA NA
"55" NA NA NA NA NA
"56" NA NA NA NA NA
"57" NA NA NA NA NA
"58" NA NA NA NA NA
"59" NA NA NA NA NA
"60" NA NA NA NA NA
"61" NA NA NA NA NA
"62" NA NA NA NA NA
"63" NA NA NA NA NA
"64" NA NA NA NA NA
"65" NA NA NA NA NA
"66" NA NA NA NA NA
"67" NA NA NA NA NA
"68" NA NA NA NA NA
"69" NA NA NA NA NA
"70" NA NA NA NA NA
"71" NA NA NA NA NA
"72" NA NA NA NA NA
"73" NA NA NA NA NA
"74" NA NA NA NA NA
"75" NA NA NA NA NA
"76" NA NA NA NA NA
"77" NA NA NA NA NA
"78" NA NA NA NA NA
"79" NA NA NA NA NA
"80" NA NA NA NA NA
"81" NA NA NA NA NA
"82" NA NA NA NA NA
"83" NA NA NA NA NA
"84" NA NA NA NA NA
"85" NA NA NA NA NA
"86" NA NA NA NA NA
"87" NA NA NA NA NA
"88" NA NA NA NA NA
"89" NA NA NA NA NA
"90" NA NA NA NA NA
"91" NA NA NA NA NA
"92" NA NA NA NA NA
"93" NA NA NA NA NA
"94" NA NA NA NA NA
"95" NA NA NA NA NA
"96" NA NA NA NA NA
"97" NA NA NA NA NA
"98" NA NA NA NA NA
"99" NA NA NA NA NA
"100" NA NA NA NA NA
