"bias.score" "rmse.score" "phase.score" "iav.score" "dist.score"
"1" 0.435704442773865 0.310428452330795 0.25 0.675708384112536 0.0469480318850768
"2" 0.851144495570664 0.332606548334144 0.25 0.709907017874188 0.0469480318850768
"3" 0.683668132741706 0.335112026514128 0.75 0.831688437125981 0.0469480318850768
"4" 0.441013729992943 0.373171699389259 0.75 0.747470019257912 0.0469480318850768
"5" 0.366459520690829 0.362961911655592 0.0669872981077806 0.396929202974811 0.0469480318850768
"6" 0.442535243698306 0.383410125701527 0.75 0.484385568277869 0.0469480318850768
"7" 0.398213604774414 0.0898340048083515 0.75 0.307538105801669 0.0469480318850768
"8" 0.145302971046888 0.218161139766748 0.933012701892219 0.893907248645115 0.0469480318850768
"9" 0.730290089485531 0.298728965248155 0 0.589950439484661 0.0469480318850768
"10" 0.531123788373631 0.37652492559589 0.25 0.375476007658091 0.0469480318850768
"11" 0.759946575698541 0.377691479313909 0.0669872981077806 0.394611181112956 0.0469480318850768
"12" 0.508871399909797 0.21398203567275 1 0.699191479991054 0.0469480318850768
"13" 0.454037950579788 0.320798104172748 0.933012701892219 0.469085541673447 0.0469480318850768
"14" 0.483313494898376 0.357846102103082 0.0669872981077806 0.557264087519594 0.0469480318850768
"15" 0.887829384235354 0.379477369436988 0 0.519865250592932 0.0469480318850768
"16" 0.633339373032205 0.348003255100511 0.0669872981077806 0.539649277461439 0.0469480318850768
"17" 0.728665017264627 0.281535582899033 0.0669872981077806 0.608759122971252 0.0469480318850768
"18" NA NA NA NA 0.0469480318850768
"19" 0.281230439178545 0.337325476794954 0.5 0.440439321051834 0.0469480318850768
"20" 0.688080149040445 0.363050297866704 0.25 0.733128503729684 0.0469480318850768
"21" 0.345987919907938 0.310659301560772 0.0669872981077806 0.77917940991783 0.0469480318850768
"22" 0.59302835588205 0.2333694034542 0 0.799523278888081 0.0469480318850768
"23" 0.735315419114164 0.350621225652207 0.5 0.516877918294216 0.0469480318850768
"24" 0.917803371053595 0.388349737264033 0.933012701892219 0.42477006135595 0.0469480318850768
"25" 0.833591105162188 0.394968892844235 1 0.436584945267103 0.0469480318850768
"26" 0.89715303075851 0.391569285126563 0.933012701892219 0.429034622402286 0.0469480318850768
"27" 0.175092357522272 0.271377651918502 0.25 0.967512884942119 0.0469480318850768
"28" 0.529749643817118 0.347748335396785 0.25 0.545725321477238 0.0469480318850768
"29" 0.860682992784148 0.379941123193927 1 0.692837526842139 0.0469480318850768
"30" 0.515574317066681 0.349365202577206 0.933012701892219 0.557765025171889 0.0469480318850768
"31" 0.588019523558141 0.385117637009582 0.25 0.555538394480113 0.0469480318850768
"32" 0.801688175212027 0.358798954209116 0.0669872981077806 0.583886098214139 0.0469480318850768
"33" 0.881625837442165 0.48025957551303 0.75 0.702710439159846 0.0469480318850768
"34" 0.456367954108368 0.289560827857769 0 0.712485290197441 0.0469480318850768
"35" 0.390693283363642 0.349289047622399 0.25 0.704687137841737 0.0469480318850768
"36" 0.541376622504262 0.29784672443069 0.933012701892219 0.84438477628752 0.0469480318850768
"37" 0.705284645771563 0.531111498016577 0.933012701892219 0.70192890274173 0.0469480318850768
"38" 0.110469042106937 0.404815227761923 0.0669872981077806 0.564175649265257 0.0469480318850768
"39" 0.561047726991943 0.360043163631811 0.25 0.831492080909835 0.0469480318850768
"40" 0.586570338031339 0.346808587695768 0.5 0.636995726628289 0.0469480318850768
"41" 0.624766003025466 0.369402521717977 0.5 0.626023077814858 0.0469480318850768
"42" 0.608848394657407 0.409966290607679 0.933012701892219 0.935176258990272 0.0469480318850768
"43" 0.614648760892934 0.367554627404868 0.933012701892219 0.867193456263502 0.0469480318850768
"44" 0.98615049747667 0.210440687883285 0.75 0.611259507196462 0.0469480318850768
"45" NA NA NA NA 0.0469480318850768
"46" 0.514239222649167 0.432832686047196 0.5 0.634260139009093 0.0469480318850768
"47" 0.949242352710782 0.323281598732468 0.25 0.506326466217357 0.0469480318850768
"48" 0.920703960580057 0.339974429092136 0.25 0.51479267414422 0.0469480318850768
"49" 0.910668719466886 0.340762585204077 0.75 0.553635100579011 0.0469480318850768
"50" 0.785472507285217 0.308064370899068 0.25 0.565402614408514 0.0469480318850768
"51" 0.219752038084344 0.407017428231797 0.25 0.92737989500888 0.0469480318850768
"52" 0.854780180220365 0.35161865167882 0.5 0.697451676578675 0.0469480318850768
"53" 0.976900886629405 0.295819880320914 0.933012701892219 0.634826798417348 0.0469480318850768
"54" 0.724810341731714 0.388917011114655 0.5 0.551594675989083 0.0469480318850768
"55" 0.935847073432719 0.319208678868128 0.933012701892219 0.753708111544045 0.0469480318850768
"56" 0.40022570842856 0.446667424570491 0.75 0.784774656076108 0.0469480318850768
"57" 0.798414590080514 0.328224195178279 0.25 0.628706301908951 0.0469480318850768
"58" 0.0701544205378343 0.322080750619234 0.933012701892219 0.723918493743655 0.0469480318850768
"59" 0.588736511699407 0.317987528446745 0.0669872981077806 0.515765646767607 0.0469480318850768
"60" 0.724667356306143 0.271451613490967 0.25 0.505436636870576 0.0469480318850768
"61" 0.913670089265443 0.282546743632604 0.25 0.582696853964141 0.0469480318850768
"62" 0.735267005845364 0.407667915255866 0.5 0.510215724663666 0.0469480318850768
"63" 0.153294465435043 0.00876649775796935 0.0669872981077806 0.394364715697295 0.0469480318850768
"64" 0.413214514471671 0.36166924460558 0.25 0.651348572665565 0.0469480318850768
"65" 0.935204182547894 0.39087178617837 0.933012701892219 0.992359359742997 0.0469480318850768
"66" 0.827112551506183 0.286022704461266 0.25 0.661424445775091 0.0469480318850768
"67" 0.466017876522697 0.424454397569266 0.5 0.8106587738488 0.0469480318850768
"68" 0.794587489908302 0.335183615657734 0.0669872981077806 0.605578755017409 0.0469480318850768
"69" 0.401237070275066 0.364194526520134 0.5 0.910645321186047 0.0469480318850768
"70" 0.653274375164405 0.400917630995683 0.75 0.766022693793046 0.0469480318850768
"71" 0.744436234077536 0.310292280995679 0.25 0.629179370968589 0.0469480318850768
"72" 0.700305555227587 0.438711923199614 0.5 0.463762815452786 0.0469480318850768
"73" 0.899593659212609 0.211673497862785 0.5 0.71152219085304 0.0469480318850768
"74" 0.978084633854235 0.451050718452629 0.5 0.85320643281235 0.0469480318850768
"75" 0.796541781484859 0.280737447579151 0.0669872981077806 0.732656476278089 0.0469480318850768
"76" NA NA NA NA 0.0469480318850768
"77" 0.751649753405934 0.366365311855297 0.5 0.987109940777713 0.0469480318850768
"78" 0.78205007050604 0.461721082319682 0.933012701892219 0.620593441111965 0.0469480318850768
"79" 0.964683777817639 0.295302897296425 0.75 0.768009036206852 0.0469480318850768
"80" 0.446310347205629 0.340819578641404 0.5 0.576857925347789 0.0469480318850768
"81" 0.877709965839269 0.368979230392043 0.5 0.453019249034132 0.0469480318850768
"82" 0.382900851256203 0.300882010269605 0.5 0.671847906329406 0.0469480318850768
"83" 0.90294538933715 0.4043988585678 0.5 0.893825753031087 0.0469480318850768
"84" 0.636146697581736 0.380062649133565 0.25 0.553188320625038 0.0469480318850768
"85" 0.84241038048685 0.296361472298711 0.5 0.856377689589946 0.0469480318850768
"86" 0.714269924529766 0.369471459073793 0.5 0.605411199656604 0.0469480318850768
"87" 0.865388981595192 0.378869369859911 0.5 0.898545608805441 0.0469480318850768
"88" 0.812454283028645 0.384497919330749 0.5 0.64732020616606 0.0469480318850768
"89" 0.959767910128611 0.424927013629509 1 0.48131113374823 0.0469480318850768
"90" 0.385836221369113 0.128397047352874 0.5 0.918356658685308 0.0469480318850768
"91" 0.513946382211773 0.268613700999653 0.5 0.690522820723332 0.0469480318850768
"92" 0.392657464463127 0.214406844339449 0.75 0.981425365112201 0.0469480318850768
"93" 0.436364419131871 0.521149612242287 0.933012701892219 0.52639687515562 0.0469480318850768
"94" 0.234474362527714 0.1650563959958 0.75 0.993245191281604 0.0469480318850768
"95" 0.779373107733311 0.361308443266292 0.25 0.625593132616494 0.0469480318850768
"96" 0.833360231864117 0.399256991176927 0.75 0.466729046163091 0.0469480318850768
"97" 0.558665349807671 0.44755281071646 1 0.894272387482151 0.0469480318850768
"98" 0.716945324187649 0.567785696581717 1 0.626968857123895 0.0469480318850768
"99" NA NA NA NA 0.0469480318850768
"100" 0.926286070379267 0.392182204106475 0.933012701892219 0.644706981233634 0.0469480318850768
