"bias.score" "rmse.score" "phase.score" "iav.score" "dist.score"
"1" 0.14599347959292 0.495158563265917 0.0669872981077806 0.421889338082479 0.397722387550995
"2" 0.309821008448928 0.482558226217093 0.25 0.396927033528889 0.397722387550995
"3" 0.667414988968938 0.553600554593556 0.0669872981077806 0.974715015240127 0.397722387550995
"4" 0.444234989500015 0.534919059045254 0.25 0.38624291020086 0.397722387550995
"5" 0.847353062915227 0.528502969200213 0.75 0.895629883364161 0.397722387550995
"6" 0.941695811766868 0.524296792237566 0.75 0.598388428590332 0.397722387550995
"7" 0.882641054413769 0.513302793283164 0.75 0.60036694361277 0.397722387550995
"8" 0.970291914768116 0.600014363523952 1 0.933661970953235 0.397722387550995
"9" 0.795032566688312 0.620180285242749 1 0.900453614991929 0.397722387550995
"10" 0.959884047990027 0.590997224800431 1 0.827041304984496 0.397722387550995
"11" 0.949026982346217 0.586857735468373 1 0.902446848879169 0.397722387550995
"12" 0.941076234364693 0.53967974424335 1 0.708586191936742 0.397722387550995
"13" 0.776736862410083 0.489450589195961 1 0.715120260563811 0.397722387550995
"14" 0.813892309256076 0.488944849050052 1 0.663051628565424 0.397722387550995
"15" 0.832239393040553 0.500502408121398 1 0.755056137229301 0.397722387550995
"16" 0.870112605795622 0.491513272953569 1 0.916629151006878 0.397722387550995
"17" 0.800204884216151 0.485918674713538 0.933012701892219 0.60456104908834 0.397722387550995
"18" 0.76208407099521 0.58293811348921 0.933012701892219 0.851209740432756 0.397722387550995
"19" 0.779986868474486 0.598343551450736 0.933012701892219 0.975367490204922 0.397722387550995
"20" 0.825558095182878 0.482149929757261 0.933012701892219 0.844424649299264 0.397722387550995
"21" 0.657460250958765 0.443853187910338 1 0.971469497600612 0.397722387550995
"22" 0.00356329744195866 0.0866512277943837 1 0.0665993237726201 0.397722387550995
"23" 0.883561695815192 0.501786421321404 0.933012701892219 0.721378782169193 0.397722387550995
"24" 0.821678058660972 0.530163523783668 1 0.87677546914317 0.397722387550995
"25" 0.746183679648211 0.514864214334296 1 0.985519529142333 0.397722387550995
"26" 0.795082810628325 0.482434338606086 0.933012701892219 0.889773247673869 0.397722387550995
"27" 0.677912615648297 0.483591374527227 0.75 0.815140567206056 0.397722387550995
"28" 0.64377201956457 0.470222509973743 0.75 0.951676970067734 0.397722387550995
"29" 0.658278526570529 0.456817424901652 0.933012701892219 0.855233187743684 0.397722387550995
"30" 0.641426799654046 0.465040597536321 0.75 0.982296860095075 0.397722387550995
"31" 0.673981595403585 0.510323976407216 0.933012701892219 0.982887389298506 0.397722387550995
"32" 0.626651059233236 0.507573658280815 0.933012701892219 0.965192771900019 0.397722387550995
"33" 0.670533471177428 0.529457919359478 0.933012701892219 0.923859213121279 0.397722387550995
"34" 0.620278907074217 0.540669429330392 1 0.565273657886558 0.397722387550995
"35" 0.553976924890916 0.546602916902143 1 0.561311144691941 0.397722387550995
"36" 0.784236537645555 0.529318389912003 1 0.831782219282643 0.397722387550995
"37" 0.839487253474104 0.523029362534836 1 0.921769873688802 0.397722387550995
"38" 0.824853355497045 0.49313015407363 0.75 0.73433462567006 0.397722387550995
"39" 0.763236638928693 0.505413086202502 0.933012701892219 0.627220166414358 0.397722387550995
"40" 0.783964919960114 0.487037119374585 0.933012701892219 0.595816827053285 0.397722387550995
"41" 0.836281704357542 0.490104510155946 0.933012701892219 0.622375503234121 0.397722387550995
"42" 0.807546345452135 0.501406975127622 1 0.707562558404443 0.397722387550995
"43" 0.703800028466456 0.497444915075983 0.933012701892219 0.557734926660786 0.397722387550995
"44" 0.999339618845785 0.473264554552781 1 0.999810813077771 0.397722387550995
"45" 0.755611248881514 0.529025682341578 0.933012701892219 0.907987232644615 0.397722387550995
"46" 0.720624146922383 0.48572563176209 1 0.939560152258093 0.397722387550995
"47" 0.739950385600058 0.522667340662796 1 0.983875526928743 0.397722387550995
"48" 0.826411693152862 0.528763244428456 0.933012701892219 0.966612866078119 0.397722387550995
"49" 0.928025171989171 0.495091805128654 0.933012701892219 0.771142562183812 0.397722387550995
"50" 0.971236088810355 0.516901976352603 0.933012701892219 0.648779059985444 0.397722387550995
"51" 0.957122908089007 0.500024793400562 0.933012701892219 0.778928914967986 0.397722387550995
"52" 0.926105576105214 0.539949912411304 0.933012701892219 0.818555700131154 0.397722387550995
"53" 0.916022293914369 0.516729852260819 0.933012701892219 0.74002218888868 0.397722387550995
"54" 0.93428497485744 0.525973498928538 0.933012701892219 0.798298112319422 0.397722387550995
"55" 0.928094782465078 0.532407305185674 0.933012701892219 0.809601775530915 0.397722387550995
"56" 0.895129217439046 0.815349323780415 0.25 0.395386690888332 0.397722387550995
"57" 0.965035259487501 0.476502422152597 0.933012701892219 0.924176061845917 0.397722387550995
"58" 0.871031764163168 0.510446570217379 0.933012701892219 0.702858387029412 0.397722387550995
"59" 0.828686764089922 0.555340511013937 1 0.615369861914298 0.397722387550995
"60" 0.837406035661971 0.540160750129466 1 0.986673084344743 0.397722387550995
"61" 0.981401045620304 0.591827032258048 0.933012701892219 0.850908572296693 0.397722387550995
"62" 0.993397565878687 0.608502917510168 0.933012701892219 0.870757902491942 0.397722387550995
"63" 0.68583101540011 0.618237491528994 0.75 0.512041257773971 0.397722387550995
"64" 0.588618005539418 0.485905230170633 0.933012701892219 0.51488160931483 0.397722387550995
"65" 0.318331305773821 0.310711068154903 0.75 0.425272445156463 0.397722387550995
"66" 0.858709325738689 0.51264451026564 0.75 0.820921066699439 0.397722387550995
"67" 0.762703000637607 0.55015686090563 0.933012701892219 0.553348268242328 0.397722387550995
"68" 0.793893047468003 0.559923509354395 0.933012701892219 0.607214258163364 0.397722387550995
"69" 0.968474107988803 0.576679274417748 0.933012701892219 0.698057343337208 0.397722387550995
"70" 0.96913808287451 0.571796831246694 0.75 0.757344120417547 0.397722387550995
"71" 0.931469463229815 0.604712273063045 0.75 0.804892189153342 0.397722387550995
"72" 0.963126598205638 0.616501130042823 1 0.897225818055542 0.397722387550995
"73" 0.665440951990438 0.539471029360914 1 0.955223971986557 0.397722387550995
"74" 0.746831202255493 0.524584133631012 0.933012701892219 0.80591778996947 0.397722387550995
"75" 0.736818854729331 0.552377239369058 0.933012701892219 0.84122180891008 0.397722387550995
"76" 0.710242630582167 0.51955106857892 0.933012701892219 0.925803822729566 0.397722387550995
"77" 0.665868793356304 0.507678383017321 0.933012701892219 0.997903887574078 0.397722387550995
"78" 0.748928960720298 0.538760227176975 0.933012701892219 0.746852385027451 0.397722387550995
"79" 0.701812436890525 0.523332567003714 0.933012701892219 0.759738235007246 0.397722387550995
"80" 0.77413279860176 0.573044601682618 1 0.985834293332012 0.397722387550995
"81" 0.732254426223086 0.49123153337862 0.933012701892219 0.977393430300869 0.397722387550995
"82" 0.813319756189635 0.53170042654721 0.933012701892219 0.883463437649278 0.397722387550995
"83" 0.709731993680541 0.520202562666023 0.933012701892219 0.984265994919136 0.397722387550995
"84" 0.592171267902304 0.511526964798365 0.933012701892219 0.565018807383375 0.397722387550995
"85" 0.570873174594467 0.50167750277764 1 0.635744814623226 0.397722387550995
"86" 0.806031361193202 0.606757088249354 1 0.742366053824975 0.397722387550995
"87" 0.782800961209304 0.576787469251604 0.75 0.686271279250063 0.397722387550995
"88" 0.589904050629843 0.498026918278518 0.933012701892219 0.908217100249776 0.397722387550995
"89" 0.656358516981585 0.628608435421219 0.933012701892219 0.832015132567186 0.397722387550995
"90" 0.810578950385773 0.609663569887508 0.5 0.973502514517881 0.397722387550995
"91" 0.486156724967183 0.621955559844206 1 0.985732344168874 0.397722387550995
"92" 0.446677071528123 0.527651509201748 1 0.776957252818149 0.397722387550995
"93" 0.616525491968116 0.567993120350972 1 0.873346508953184 0.397722387550995
"94" 0.560200567363361 0.546708767617758 1 0.839888488779471 0.397722387550995
"95" 0.981302208749449 0.621985084657605 0.5 0.814297331703612 0.397722387550995
"96" 0.995427616820313 0.605442985454393 0.5 0.71356714740358 0.397722387550995
"97" 0.993833758543656 0.583970158438862 0.5 0.905340853341928 0.397722387550995
"98" 0.783673103525046 0.49199453161313 0.0669872981077806 0.869367122679152 0.397722387550995
"99" 0.881855003052158 0.584758432645845 0.75 0.91813293418137 0.397722387550995
"100" 0.859169742794754 0.618430246609742 0.75 0.973333007082174 0.397722387550995
