"bias.score" "rmse.score" "phase.score" "iav.score" "dist.score"
"1" 0.00731864330536626 0.155476637557215 1 3.58921270407937e-16 0.516607329142904
"2" 0.306441096417417 0.440185058920001 1 4.97495364979436e-05 0.516607329142904
"3" 0.485905880478083 0.594647246965912 0.75 3.36294832797424e-06 0.516607329142904
"4" 0.124742338711547 0.617682884563761 1 2.9806340979696e-08 0.516607329142904
"5" 0.695747809981149 0.578105267133747 0.933012701892219 0.0267261744851973 0.516607329142904
"6" 0.722784593822398 0.31099713585043 0.933012701892219 0.00015124192931258 0.516607329142904
"7" 0.8401193956955 0.381959185823616 0.933012701892219 0.00630610961237131 0.516607329142904
"8" 0.834405416137615 0.478093773747152 0.933012701892219 0.000116137483655067 0.516607329142904
"9" 0.732861799871738 0.560395096229987 0.933012701892219 0.00799215682024591 0.516607329142904
"10" 0.716881431142833 0.373915826808511 0.75 1.3235688590805e-05 0.516607329142904
"11" 0.702797536579227 0.563920171499091 0.75 0.000704534813086978 0.516607329142904
"12" 0.739712380562909 0.578012052482678 0.75 0.015378874247963 0.516607329142904
"13" 0.761900843588691 0.566736247925589 0.933012701892219 0.00322764367026011 0.516607329142904
"14" 0.761645249488429 0.587140431632286 0.933012701892219 0.036433038693678 0.516607329142904
"15" 0.798750000114197 0.609386581205758 0.933012701892219 0.0186765611359323 0.516607329142904
"16" 0.89624535466173 0.394037276353804 0.933012701892219 0.000138517203905227 0.516607329142904
"17" 0.519393287590474 0.0789913260456808 0.933012701892219 3.03642345981494e-08 0.516607329142904
"18" 0.786037434955652 0.643514305850657 0.933012701892219 0.00390517538444416 0.516607329142904
"19" 0.767240918910452 0.62299477652565 0.933012701892219 0.00285380722811002 0.516607329142904
"20" 0.0781595479453115 6.41843794120906e-08 0.75 2.32853936253315e-139 0.516607329142904
"21" 0.0897945086630466 4.51121442259816e-15 0.5 8.03438390682943e-161 0.516607329142904
"22" 0.967470439686374 0.0113094046411079 1 3.99238337250111e-17 0.516607329142904
"23" 0.848922787160328 0.221685747351597 0.933012701892219 5.33599742925023e-08 0.516607329142904
"24" 0.89047913781761 0.451767156080564 0.933012701892219 0.00215101591612793 0.516607329142904
"25" 0.868498549802368 0.541010529761063 0.933012701892219 0.0217445988814652 0.516607329142904
"26" 0.966021350809862 0.406032831352994 0.933012701892219 0.000275099103603072 0.516607329142904
"27" 0.759825681196828 0.604694094213057 0.933012701892219 0.0271723452394282 0.516607329142904
"28" 0.744139322353711 0.5961783423681 0.933012701892219 0.00468225084121993 0.516607329142904
"29" 0.744527450731053 0.581341034847574 0.933012701892219 0.0319158473374247 0.516607329142904
"30" 0.710193282961272 0.585437408494455 0.933012701892219 0.0346866078555765 0.516607329142904
"31" 0.715534162239302 0.595224355594484 0.933012701892219 0.0132922738037288 0.516607329142904
"32" 0.742078031852415 0.607623464096698 0.933012701892219 0.0340232203231331 0.516607329142904
"33" 0.775271469762834 0.630987813708947 0.933012701892219 0.0398848605854643 0.516607329142904
"34" 0.792874660597526 0.64132083459822 0.933012701892219 0.01575293503773 0.516607329142904
"35" 0.788901638779007 0.613890590661033 0.933012701892219 0.0604306498089411 0.516607329142904
"36" 0.766207991170432 0.612563883836955 0.933012701892219 0.00902274674346819 0.516607329142904
"37" 0.704760080283681 0.46954971391862 0.75 0.0365170777401493 0.516607329142904
"38" 0.753923661199889 0.505797325000736 0.75 0.0401965659333548 0.516607329142904
"39" 0.78057920375142 0.619861783723488 1 0.00425435246616894 0.516607329142904
"40" 0.825035469085769 0.634760160112023 0.933012701892219 0.0139093370480577 0.516607329142904
"41" 0.853159454337077 0.647225213698953 0.933012701892219 0.00779780254324662 0.516607329142904
"42" 0.857298529227069 0.658185194093147 1 0.0274792459115475 0.516607329142904
"43" 0.872345903464774 0.627690154554104 0.933012701892219 0.0838641071456295 0.516607329142904
"44" 0.889273069405586 0.628627033187234 0.933012701892219 0.0183006619611175 0.516607329142904
"45" 0.909322435269953 0.658502814263531 1 0.00193427578809644 0.516607329142904
"46" 0.915148112353627 0.644419683606587 1 0.000928713610047412 0.516607329142904
"47" 0.963957584861019 0.66443226285923 1 0.00120520721993898 0.516607329142904
"48" 0.758407945542952 0.425033044425136 1 1.80176775213974e-06 0.516607329142904
"49" 0.981689773003813 0.628271219342984 1 0.00189783403686721 0.516607329142904
"50" 0.995686090910342 0.658591481788261 1 1.85036305577353e-05 0.516607329142904
"51" 0.948762067673551 0.639111276032797 0.933012701892219 0.00261345298942218 0.516607329142904
"52" 0.968651206369694 0.633018649683057 0.933012701892219 0.000100901823322922 0.516607329142904
"53" 0.874113539731969 0.284519046580532 0.933012701892219 1.64813780826109e-06 0.516607329142904
"54" 0.74276554528551 0.599929419192616 0.933012701892219 0.00979303655227015 0.516607329142904
"55" 0.755875093108309 0.598738084547196 0.933012701892219 0.00445069017494603 0.516607329142904
"56" 0.755348741144834 0.595339504481412 0.933012701892219 0.00517501700019635 0.516607329142904
"57" 0.832699232804255 0.625109571137435 0.933012701892219 0.000381024064481395 0.516607329142904
"58" 0.780307854738364 0.617793763562319 0.933012701892219 1.97730254918319e-05 0.516607329142904
"59" 0.682101313412368 0.510182400424955 0.75 0.00165992252167494 0.516607329142904
"60" 0.691846982002408 0.552869243619428 0.933012701892219 0.0335048027920516 0.516607329142904
"61" 0.714967609598326 0.618365032534366 0.933012701892219 0.00102458680786739 0.516607329142904
"62" 0.682874750362776 0.595267503690715 0.933012701892219 0.00904301453593725 0.516607329142904
"63" 0.709758819569424 0.601964998084267 0.933012701892219 0.00246973774721201 0.516607329142904
"64" 0.625365936471615 0.140396825764949 0.933012701892219 1.09701599860813e-11 0.516607329142904
"65" 0.618834007918063 0.56344524834247 1 0.0082390892851348 0.516607329142904
"66" 0.654353122891376 0.716586707347206 1 0.00199756374426548 0.516607329142904
"67" 0.626349748557292 0.71167117477245 1 0.0576933936569411 0.516607329142904
"68" 0.605121413052991 0.704561680476532 1 0.134359172634454 0.516607329142904
"69" 0.660199609973113 0.721625376124421 1 0.0709626766712086 0.516607329142904
"70" 0.684899470029626 0.69369657131391 1 0.0481978909732912 0.516607329142904
"71" 0.785708597457506 0.708439126550338 1 0.0196788708360411 0.516607329142904
"72" 0.99485290074733 0.605082687073612 1 0.00132194930200193 0.516607329142904
"73" 0.790917435273071 0.473677090766465 0.933012701892219 0.00038413553702128 0.516607329142904
"74" 0.901939981729823 0.572671155486143 0.933012701892219 0.00102825140476685 0.516607329142904
"75" 0.922044968458276 0.598680788249052 0.933012701892219 0.00110105490327596 0.516607329142904
"76" 0.869590426672236 0.638130148942759 0.933012701892219 0.0268058370900826 0.516607329142904
"77" 0.859809170901425 0.610013897674665 0.933012701892219 0.0265360472027949 0.516607329142904
"78" 0.998608070177595 0.613831495424682 1 0.0152547127902275 0.516607329142904
"79" 0.795122416298354 0.618619783640551 1 0.000820613887685977 0.516607329142904
"80" 0.813137695908094 0.616284011666685 1 0.0015404295620568 0.516607329142904
"81" 0.825728162339707 0.624530281945293 1 0.00972252141575069 0.516607329142904
"82" 0.870878268686503 0.628026468786369 1 0.00444677000951149 0.516607329142904
"83" 0.891411460769997 0.643937345492091 0.933012701892219 0.0529826966679404 0.516607329142904
"84" 0.813299851578176 0.617972051215867 0.933012701892219 0.0269280742248641 0.516607329142904
"85" 0.698040995822672 0.6056196091796 0.933012701892219 0.0262530587407742 0.516607329142904
"86" 0.629569625521127 0.486139549369245 1 0.0708999259406553 0.516607329142904
"87" 0.629768555186606 0.481874718265808 1 0.165786614483573 0.516607329142904
"88" 0.712149458867084 0.5164540425398 0.933012701892219 0.121484687702479 0.516607329142904
"89" 0.724276752682877 0.625287681309386 1 0.143225811812965 0.516607329142904
"90" 0.647708681436218 0.606978332331242 1 0.217187669636788 0.516607329142904
"91" 0.675586306409777 0.598939816495376 1 0.194515355379482 0.516607329142904
"92" 0.838683670979379 0.593218224490444 1 0.010830940356452 0.516607329142904
"93" 0.801705070863141 0.60923061426733 0.933012701892219 0.02916246092797 0.516607329142904
"94" 0.9136759229894 0.621502358314253 0.933012701892219 0.00690324920466619 0.516607329142904
"95" 0.780238935439246 0.642286316621015 0.933012701892219 0.0487688637110717 0.516607329142904
"96" 0.658002258972165 0.646598244849988 0.933012701892219 0.085219004813851 0.516607329142904
"97" 0.767632435886646 0.670094703397549 0.933012701892219 0.0500914810197738 0.516607329142904
"98" 0.68275231031037 0.464703133433041 0.75 0.0886116540428626 0.516607329142904
"99" 0.78256172855122 0.528784233408157 0.933012701892219 0.143193634788988 0.516607329142904
"100" 0.898681254620732 0.606633653495427 0.933012701892219 0.164773260972972 0.516607329142904
