"bias.score" "rmse.score" "phase.score" "iav.score" "dist.score"
"1" 0.538718640970661 0.470541477121642 0.75 0.428701352647197 0.856554288580352
"2" 0.564887098584069 0.465478945583499 0.933012701892219 0.451803015637272 0.856554288580352
"3" 0.798249882535479 0.66764225375897 1 0.963179482648462 0.856554288580352
"4" 0.593291326731392 0.480384311210312 0.933012701892219 0.458617007571403 0.856554288580352
"5" 0.957586606555286 0.692537579176391 0.933012701892219 0.870703681087314 0.856554288580352
"6" 0.933234384056566 0.697533105097765 0.933012701892219 0.810037114138153 0.856554288580352
"7" 0.990767772355143 0.749015623232589 0.933012701892219 0.627730666439623 0.856554288580352
"8" 0.817327918129484 0.598351394456238 1 0.704965177786474 0.856554288580352
"9" 0.822076818591227 0.621195493545147 0.933012701892219 0.841576318881836 0.856554288580352
"10" 0.863699626905441 0.645019924664998 0.933012701892219 0.871721131560747 0.856554288580352
"11" 0.867540826059766 0.649848684758476 0.933012701892219 0.854724721453652 0.856554288580352
"12" 0.877024607018422 0.659768885429065 0.933012701892219 0.757535884057765 0.856554288580352
"13" 0.927674300595885 0.703500127261116 0.933012701892219 0.825681720497994 0.856554288580352
"14" 0.93452216513675 0.688173405228721 0.933012701892219 0.747455875125867 0.856554288580352
"15" 0.934268254083119 0.682135238460118 0.933012701892219 0.640031223118086 0.856554288580352
"16" 0.839688132810169 0.58959746898778 0.933012701892219 0.634781151257459 0.856554288580352
"17" 0.748985273005098 0.530721399761489 0.933012701892219 0.694353022478787 0.856554288580352
"18" 0.904749796434072 0.699907663868432 1 0.716203873541469 0.856554288580352
"19" 0.89443341615525 0.682129244401157 1 0.617867150820091 0.856554288580352
"20" 0.983536588988848 0.737767383164868 1 0.831734169288567 0.856554288580352
"21" 0.893709774206911 0.721155288941964 1 0.84551090313841 0.856554288580352
"22" 0.861830637225973 0.794011664470985 1 0.887315750729787 0.856554288580352
"23" 0.927896979505335 0.626570072572859 1 0.739974110709759 0.856554288580352
"24" 0.92036650329775 0.705476586897899 1 0.578267131807146 0.856554288580352
"25" 0.875069290547409 0.695927488104048 1 0.738340926307949 0.856554288580352
"26" 0.847792197691874 0.634932750852765 1 0.613920036742217 0.856554288580352
"27" 0.889291580064643 0.666944992645331 0.933012701892219 0.724377464370618 0.856554288580352
"28" 0.880162271312184 0.659948152104992 0.933012701892219 0.862901464907997 0.856554288580352
"29" 0.872206789722678 0.649129859301184 0.933012701892219 0.835175403966988 0.856554288580352
"30" 0.893170336267412 0.663477382815133 0.933012701892219 0.815669727099795 0.856554288580352
"31" 0.937397920959318 0.72677415175803 1 0.868382670613623 0.856554288580352
"32" 0.995501760256503 0.765373323786794 1 0.826761604347055 0.856554288580352
"33" 0.987117226594832 0.740034980463014 0.933012701892219 0.75670414866023 0.856554288580352
"34" 0.946257390337537 0.732113278278813 0.933012701892219 0.794338247299882 0.856554288580352
"35" 0.93965028858572 0.761737040647028 1 0.965824307590647 0.856554288580352
"36" 0.976692980625865 0.740034507948475 0.933012701892219 0.734237180231094 0.856554288580352
"37" 0.942959325163255 0.73737384835361 0.933012701892219 0.656602992089179 0.856554288580352
"38" 0.914052724868411 0.717024850672927 0.933012701892219 0.799862718561464 0.856554288580352
"39" 0.912521816925186 0.731281699661166 0.933012701892219 0.845049640691404 0.856554288580352
"40" 0.88546469213298 0.716358418000846 0.933012701892219 0.863343594054374 0.856554288580352
"41" 0.865513098414948 0.712901691837767 1 0.886643889054032 0.856554288580352
"42" 0.886753204697415 0.739828079229205 1 0.987238416950166 0.856554288580352
"43" 0.917547670769143 0.772469041232438 1 0.813008490403877 0.856554288580352
"44" 0.8469972292615 0.710867180496297 1 0.934335601509356 0.856554288580352
"45" 0.745793551179616 0.593566685741943 0.933012701892219 0.919423167593885 0.856554288580352
"46" 0.754368614233461 0.591343792124329 0.933012701892219 0.978613723890461 0.856554288580352
"47" 0.756793524839848 0.606445996862108 0.933012701892219 0.913409698431378 0.856554288580352
"48" 0.793102081746882 0.634033268311513 0.933012701892219 0.879436190298382 0.856554288580352
"49" 0.800299493102588 0.627199878621878 0.933012701892219 0.888393500373257 0.856554288580352
"50" 0.808342993089776 0.634923895378053 0.933012701892219 0.795138233206892 0.856554288580352
"51" 0.815352363911834 0.622968678130882 0.933012701892219 0.931870789381369 0.856554288580352
"52" 0.806748460202683 0.623529747530331 0.933012701892219 0.687505165858843 0.856554288580352
"53" 0.876491051679436 0.655380405996838 0.933012701892219 0.527332934637664 0.856554288580352
"54" 0.835743774153915 0.632893038002067 0.933012701892219 0.940463826071757 0.856554288580352
"55" 0.844131571321828 0.666837785073977 1 0.947617035791956 0.856554288580352
"56" 0.834507055583774 0.668484428483397 1 0.79547040894943 0.856554288580352
"57" 0.787322715537887 0.625592065899948 1 0.688299135682215 0.856554288580352
"58" 0.845506853138583 0.631902553460541 1 0.79918731837305 0.856554288580352
"59" 0.988755874718325 0.745876970637829 1 0.859455136945692 0.856554288580352
"60" 0.968829142419014 0.726868128911612 1 0.857631812808563 0.856554288580352
"61" 0.989191442753518 0.765120650539784 1 0.985492658815082 0.856554288580352
"62" 0.974482550161608 0.771153506870713 1 0.900346363429508 0.856554288580352
"63" 0.926687987908904 0.786970946046178 1 0.890521298803881 0.856554288580352
"64" 0.992747640391983 0.76794259779074 1 0.931521675596157 0.856554288580352
"65" 0.921532738446184 0.6999945571323 1 0.670244738250269 0.856554288580352
"66" 0.996132079706775 0.693305769089936 0.933012701892219 0.690158122842941 0.856554288580352
"67" 0.957927064494156 0.759765337177711 1 0.954849647646152 0.856554288580352
"68" 0.963445314286644 0.785914028777485 1 0.992399666865948 0.856554288580352
"69" 0.972091490105177 0.801291224193057 1 0.859440366760468 0.856554288580352
"70" 0.99750994775011 0.780565837590148 1 0.686933273847591 0.856554288580352
"71" 0.990553315745935 0.757229684995546 1 0.553986110022259 0.856554288580352
"72" 0.97331048984213 0.734638739932941 1 0.515899524313864 0.856554288580352
"73" 0.88035686382973 0.699679776391477 1 0.796133208301358 0.856554288580352
"74" 0.855845883991764 0.669174570288345 1 0.965540278604198 0.856554288580352
"75" 0.897791846598223 0.708982327798152 1 0.920936379133179 0.856554288580352
"76" 0.91116348069852 0.701247754456264 1 0.992111219242568 0.856554288580352
"77" 0.916494728614002 0.703120656416208 1 0.76570503239938 0.856554288580352
"78" 0.917384029900074 0.704051465658845 1 0.979376673819895 0.856554288580352
"79" 0.941992930598638 0.724476288576762 1 0.963654111498826 0.856554288580352
"80" 0.943005040619089 0.747759597755825 1 0.850646618489207 0.856554288580352
"81" 0.905467681911748 0.694523589027928 1 0.691711937635666 0.856554288580352
"82" 0.864317876351738 0.702953697162665 1 0.890045416475551 0.856554288580352
"83" 0.87568226750384 0.732028339394989 1 0.984458333978087 0.856554288580352
"84" 0.944187603172503 0.756195052406714 0.933012701892219 0.977878693130361 0.856554288580352
"85" 0.989820029982436 0.74593452760994 0.933012701892219 0.865160907958071 0.856554288580352
"86" 0.987154722597815 0.7366265863874 1 0.964596089333597 0.856554288580352
"87" 0.921286722806331 0.71569855889251 0.933012701892219 0.984803498376539 0.856554288580352
"88" 0.863746973324887 0.721346403029635 0.933012701892219 0.937036946729003 0.856554288580352
"89" 0.891634333900504 0.772733048672091 1 0.8431481434453 0.856554288580352
"90" 0.888196276789492 0.808485022744256 1 0.779539299298743 0.856554288580352
"91" 0.884911090877585 0.808947156332693 1 0.787672438694116 0.856554288580352
"92" 0.902952513193844 0.818083126078621 1 0.773955667344966 0.856554288580352
"93" 0.947400293436653 0.832605268556839 1 0.787410491815622 0.856554288580352
"94" 0.950089930112912 0.82699490538236 1 0.86765877676652 0.856554288580352
"95" 0.984988341393495 0.833553449546284 1 0.992038591885232 0.856554288580352
"96" 0.97889591272873 0.848021684593558 1 0.968807254045358 0.856554288580352
"97" 0.96573727996006 0.839997554996031 1 0.915519681863457 0.856554288580352
"98" 0.993896577753631 0.780197906245651 1 0.996517814658122 0.856554288580352
"99" 0.999742147750294 0.777688766661104 1 0.985777302372584 0.856554288580352
"100" 0.919177321945702 0.787104838725637 1 0.887635554061127 0.856554288580352
