"bias.score" "rmse.score" "phase.score" "iav.score" "dist.score"
"1" 0.941265167721363 0.486751738266529 1 0.468487043926579 0.828794247521822
"2" 0.543633321526175 0.4937469203561 1 0.565603906157321 0.828794247521822
"3" 0.726941059258746 0.693532814806496 1 0.856894953081354 0.828794247521822
"4" 0.53612341661068 0.505427731792539 1 0.560447928703973 0.828794247521822
"5" 0.960956571252896 0.619876092034888 0.933012701892219 0.560222683726381 0.828794247521822
"6" 0.993767585081922 0.663606334477518 0.933012701892219 0.635638808082569 0.828794247521822
"7" 0.986812224315149 0.6937557254538 0.933012701892219 0.664532764332854 0.828794247521822
"8" 0.952053693168803 0.678161150942744 0.933012701892219 0.700655791618126 0.828794247521822
"9" 0.940610430877819 0.652591998356915 0.933012701892219 0.816065012554424 0.828794247521822
"10" 0.942052485952538 0.665528130828299 0.933012701892219 0.780808996414047 0.828794247521822
"11" 0.951979417761268 0.674118653234206 0.933012701892219 0.819669974258519 0.828794247521822
"12" 0.950428687560374 0.670716351217807 0.933012701892219 0.794722971660953 0.828794247521822
"13" 0.900472168970913 0.693214317731438 0.933012701892219 0.658573547598109 0.828794247521822
"14" 0.91463954837568 0.689263512703316 0.933012701892219 0.647113427297417 0.828794247521822
"15" 0.919731122888997 0.688388106469369 0.933012701892219 0.666763442933897 0.828794247521822
"16" 0.998875874319802 0.645203647371205 0.933012701892219 0.727302278873718 0.828794247521822
"17" 0.982256191866731 0.568680515750993 0.933012701892219 0.707109092452979 0.828794247521822
"18" 0.817763515423007 0.663337753732244 0.933012701892219 0.676148371956876 0.828794247521822
"19" 0.819666273522971 0.653675108526824 0.933012701892219 0.737585931541624 0.828794247521822
"20" 0.912509237127527 0.645121292519539 1 0.765176309195423 0.828794247521822
"21" 0.913274298893578 0.725871570541598 1 0.755243152208031 0.828794247521822
"22" 0.982274440442338 0.695533058237266 1 0.687099269405933 0.828794247521822
"23" 0.968283107105334 0.69584740219306 0.933012701892219 0.791834900457616 0.828794247521822
"24" 0.990797658384991 0.709257307274527 0.933012701892219 0.718798910540653 0.828794247521822
"25" 0.922852434367922 0.773372850586138 0.933012701892219 0.634344748213339 0.828794247521822
"26" 0.933402651388116 0.704010900622336 0.933012701892219 0.670314526650234 0.828794247521822
"27" 0.898938944820259 0.719868247212357 0.933012701892219 0.643243184936999 0.828794247521822
"28" 0.91915189843182 0.705768378929498 0.933012701892219 0.657712111983152 0.828794247521822
"29" 0.947343522595574 0.682891741427499 0.933012701892219 0.663969019759648 0.828794247521822
"30" 0.939326082949755 0.687252366140127 0.933012701892219 0.684519998554407 0.828794247521822
"31" 0.97245658097311 0.734833525062553 0.933012701892219 0.654274358860745 0.828794247521822
"32" 0.932780004577178 0.753150278972871 0.933012701892219 0.643266854005357 0.828794247521822
"33" 0.945196962927358 0.741330001311466 0.933012701892219 0.679681619921259 0.828794247521822
"34" 0.90740510496231 0.727273531827211 0.933012701892219 0.65032935186583 0.828794247521822
"35" 0.865227129181429 0.761457863514766 1 0.588733361261447 0.828794247521822
"36" 0.984058254948989 0.732208530128772 0.933012701892219 0.577358945749906 0.828794247521822
"37" 0.949423816835241 0.684895433099629 0.933012701892219 0.610708440466963 0.828794247521822
"38" 0.971724224319943 0.654433147931131 0.933012701892219 0.67440072264369 0.828794247521822
"39" 0.946790834520637 0.708500507222755 0.933012701892219 0.726829154307008 0.828794247521822
"40" 0.958707274908055 0.692896419446621 0.933012701892219 0.707331198137599 0.828794247521822
"41" 0.953978400246823 0.674390817244766 1 0.611316415035948 0.828794247521822
"42" 0.931111884086293 0.704552410670312 1 0.682826143280478 0.828794247521822
"43" 0.897717773591342 0.731484757448611 1 0.799427478085561 0.828794247521822
"44" 0.993966474211897 0.69855073281546 1 0.650327120486982 0.828794247521822
"45" 0.952466242733231 0.637706938586245 0.933012701892219 0.548608843406754 0.828794247521822
"46" 0.964670835203889 0.616896338128564 0.933012701892219 0.545588642714177 0.828794247521822
"47" 0.973346539535136 0.636432954020351 0.933012701892219 0.569372707390674 0.828794247521822
"48" 0.930863201406672 0.656909934536486 0.933012701892219 0.585395693897462 0.828794247521822
"49" 0.92134487315424 0.602850395254904 0.933012701892219 0.662629984675412 0.828794247521822
"50" 0.933370677171498 0.614396218789505 0.933012701892219 0.753458713226472 0.828794247521822
"51" 0.875146078241084 0.596850965471009 0.933012701892219 0.649866989477243 0.828794247521822
"52" 0.887315638122678 0.616879441236894 0.933012701892219 0.716237229134956 0.828794247521822
"53" 0.834724219778225 0.626897653083269 0.933012701892219 0.768364093934472 0.828794247521822
"54" 0.811931331158401 0.561155014753382 0.933012701892219 0.610969965850201 0.828794247521822
"55" 0.81096917929487 0.58148058395117 0.933012701892219 0.579380404867765 0.828794247521822
"56" 0.837001637279196 0.579747148465872 0.933012701892219 0.628252051585965 0.828794247521822
"57" 0.881115314623061 0.535926084835464 0.933012701892219 0.697603300330307 0.828794247521822
"58" 0.973331122843095 0.568233687266864 0.933012701892219 0.742096813498327 0.828794247521822
"59" 0.906939965746034 0.634858596279241 1 0.662117923127616 0.828794247521822
"60" 0.930771688435482 0.6071172408507 1 0.611962482596277 0.828794247521822
"61" 0.907498627690714 0.689328836011336 1 0.689399651663326 0.828794247521822
"62" 0.898817355069932 0.68557968078866 0.933012701892219 0.667208994275432 0.828794247521822
"63" 0.916953497155926 0.690158685754662 0.933012701892219 0.653848195502915 0.828794247521822
"64" 0.843186984146341 0.807011076310619 1 0.890492457489385 0.828794247521822
"65" 0.94783542401999 0.772581878607324 0.933012701892219 0.970258948532583 0.828794247521822
"66" 0.919763123944634 0.733067573101096 0.933012701892219 0.793102122232637 0.828794247521822
"67" 0.961850563318974 0.767035654278237 1 0.684979217777539 0.828794247521822
"68" 0.957530368900821 0.79569552775431 1 0.730840918197113 0.828794247521822
"69" 0.946384071806219 0.836144855959613 1 0.876185180518231 0.828794247521822
"70" 0.912460604471127 0.812587133446476 1 0.912184575205434 0.828794247521822
"71" 0.926390758379327 0.80044347681334 1 0.872641941733368 0.828794247521822
"72" 0.906961366462561 0.764330042068229 1 0.974310497973413 0.828794247521822
"73" 0.952681386393208 0.713828207886664 0.933012701892219 0.749466421013088 0.828794247521822
"74" 0.98206098803168 0.738934029485195 0.933012701892219 0.711729190741239 0.828794247521822
"75" 0.985374630668624 0.7572809899426 1 0.596185432399924 0.828794247521822
"76" 0.973936162604231 0.71707467476229 0.933012701892219 0.604095273158886 0.828794247521822
"77" 0.967998434296061 0.768011498407225 1 0.763208480720981 0.828794247521822
"78" 0.975410650831852 0.766785427145019 0.933012701892219 0.675873304093564 0.828794247521822
"79" 0.965721415250403 0.76047601685128 1 0.631427072078784 0.828794247521822
"80" 0.955126437277178 0.723860984335075 1 0.685354883296157 0.828794247521822
"81" 0.948116768826209 0.692311148264583 1 0.798116491289298 0.828794247521822
"82" 0.969837088921496 0.703926374157709 1 0.63934077226597 0.828794247521822
"83" 0.996529682645123 0.716151507783712 1 0.593646208952686 0.828794247521822
"84" 0.974578587378189 0.759896649397509 1 0.631145124315763 0.828794247521822
"85" 0.970535522863553 0.748851963672847 0.933012701892219 0.638969650536859 0.828794247521822
"86" 0.960603834402127 0.741417349891247 0.933012701892219 0.726001934341467 0.828794247521822
"87" 0.99325528801381 0.712589111331668 1 0.71298110083503 0.828794247521822
"88" 0.946285615625493 0.730388485543428 0.933012701892219 0.73869827567498 0.828794247521822
"89" 0.918232529756578 0.779054869446497 1 0.647472113603624 0.828794247521822
"90" 0.866209804802 0.826843961299335 1 0.62184770510642 0.828794247521822
"91" 0.86568150818642 0.824999343296482 1 0.6153780438971 0.828794247521822
"92" 0.894701562465355 0.829999897536905 1 0.617252669494518 0.828794247521822
"93" 0.952430310503606 0.826900837982976 1 0.63910788580932 0.828794247521822
"94" 0.949823090541554 0.82817110919074 1 0.662718372784643 0.828794247521822
"95" 0.940497446026891 0.834771316047205 1 0.668221525282638 0.828794247521822
"96" 0.877221606245257 0.840125325397491 1 0.603876303985712 0.828794247521822
"97" 0.871850017538963 0.825193336760188 1 0.690823607959139 0.828794247521822
"98" 0.918694908026727 0.754510287473515 1 0.889948244934656 0.828794247521822
"99" 0.939869457076984 0.727462531088107 1 0.682120503650442 0.828794247521822
"100" 0.858840087802189 0.75621411723345 1 0.79802143461981 0.828794247521822
