"bias.score" "rmse.score" "phase.score" "iav.score" "dist.score"
"1" 0.280666735403951 0.425666870415872 0.933012701892219 0.50738217394007 0.893943071395554
"2" 0.728168218970013 0.330032170115916 0.75 0.744867703683411 0.893943071395554
"3" 0.877859541348265 0.394353253597491 0.933012701892219 0.93974098253771 0.893943071395554
"4" 0.985088503016347 0.336317379840641 0.75 0.846955433938401 0.893943071395554
"5" 0.772068377866284 0.388641242048125 0 0.73906786217655 0.893943071395554
"6" 0.726447538971162 0.366568853910727 0 0.888529088133178 0.893943071395554
"7" 0.990563407188164 0.374555110585822 0.75 0.743213234624306 0.893943071395554
"8" 0.275256178813598 0.152969443377137 0.75 0.944004148307011 0.893943071395554
"9" 0.337844063489428 0.306973803475082 0.933012701892219 0.883756980379787 0.893943071395554
"10" 0.406541672097226 0.322317006997717 0.933012701892219 0.904296768682439 0.893943071395554
"11" 0.432000613946541 0.339684913376989 0.933012701892219 0.992116771630798 0.893943071395554
"12" 0.499143539779491 0.367683291405759 0.75 0.865420508060331 0.893943071395554
"13" 0.530448744319381 0.407842812202974 0.75 0.862135337916436 0.893943071395554
"14" 0.557226974673018 0.398028375704803 0.75 0.950654346037323 0.893943071395554
"15" 0.561146834152695 0.388773423746777 0.75 0.998487974978527 0.893943071395554
"16" 0.443957803749755 0.189164199079267 0 0.869453184641027 0.893943071395554
"17" 0.272167678848486 0.305142278501717 0.933012701892219 0.795709286326519 0.893943071395554
"18" 0.299936712307407 0.350116963144495 0.933012701892219 0.70486405386328 0.893943071395554
"19" 0.28767557475056 0.344960131053653 0.5 0.651593606297542 0.893943071395554
"20" 0.805033189036459 0.306868210356887 0.0669872981077806 0.801047510649795 0.893943071395554
"21" 0.852758455360659 0.3221928960449 0.75 0.82473685149332 0.893943071395554
"22" 0.392633261826935 0.162001447249498 0.933012701892219 0.478197655470881 0.893943071395554
"23" 0.837172460252509 0.155008155768407 0.75 0.944413986474023 0.893943071395554
"24" 0.572924498780628 0.0974959029980094 0.5 0.651183723586507 0.893943071395554
"25" 0.36276723794044 0.260770185898761 1 0.882205500408272 0.893943071395554
"26" 0.228563179877122 0.0983647235453018 0.75 0.755327064635134 0.893943071395554
"27" 0.381196711873585 0.276776382685002 1 0.879032775193263 0.893943071395554
"28" 0.421118332280982 0.319991538632699 1 0.971335236527486 0.893943071395554
"29" 0.470566943640283 0.314283899784554 0.933012701892219 0.98012635265302 0.893943071395554
"30" 0.50364610817973 0.327424238740844 0.933012701892219 0.986601940358787 0.893943071395554
"31" 0.696417683295895 0.372695849802078 0.933012701892219 0.952075202142678 0.893943071395554
"32" 0.828562635753799 0.444351702819743 0.75 0.795103219553647 0.893943071395554
"33" 0.888383546773167 0.441348507808545 0.75 0.767247620779237 0.893943071395554
"34" 0.939512325868833 0.45301404686242 0.75 0.730041395601556 0.893943071395554
"35" 0.837332896160189 0.466568325724126 0.75 0.758201171635981 0.893943071395554
"36" 0.874176420385394 0.491932733935208 0.75 0.77612598890631 0.893943071395554
"37" 0.934936249606864 0.461996187762869 0.5 0.722856334330974 0.893943071395554
"38" 0.785797568189609 0.47312357046262 1 0.763535879763285 0.893943071395554
"39" 0.641136314020241 0.509242397763888 0.933012701892219 0.797857021043564 0.893943071395554
"40" 0.598807961551354 0.506668648539959 0.933012701892219 0.819886788199531 0.893943071395554
"41" 0.536663222723712 0.509318502593953 0.933012701892219 0.812765821177952 0.893943071395554
"42" 0.522025114920105 0.531567641366564 0.933012701892219 0.952823948797041 0.893943071395554
"43" 0.53253853583221 0.533738108148304 0.933012701892219 0.972214422146573 0.893943071395554
"44" 0.482082340365853 0.423915498436709 0.933012701892219 0.861619526195085 0.893943071395554
"45" 0.31608422173031 0.133956380523082 0.0669872981077806 0.866727516737077 0.893943071395554
"46" 0.24523255074027 0.197153912441308 0.75 0.843397251504044 0.893943071395554
"47" 0.26840805032896 0.204128759053148 0.933012701892219 0.852551198495193 0.893943071395554
"48" 0.267210715085761 0.202617210055188 0.933012701892219 0.92242725439395 0.893943071395554
"49" 0.400373474859006 0.478056945031034 0.933012701892219 0.906220120565376 0.893943071395554
"50" 0.426806820313868 0.467006045939949 0.933012701892219 0.883656038540704 0.893943071395554
"51" 0.371043395055409 0.469958657013419 0.933012701892219 0.888653495985741 0.893943071395554
"52" 0.330799016957585 0.443185047344159 0.75 0.783993108473602 0.893943071395554
"53" 0.351104918929969 0.422825494620463 0.933012701892219 0.986120610324589 0.893943071395554
"54" 0.349494630579656 0.461172299053279 0.933012701892219 0.848166057073795 0.893943071395554
"55" 0.359380052273852 0.460664030906136 0.933012701892219 0.823313508056135 0.893943071395554
"56" 0.365855216850805 0.420288364161737 0.5 0.857566097808163 0.893943071395554
"57" 0.353423857002482 0.410285531019522 0.5 0.903528711520919 0.893943071395554
"58" 0.558843376687662 0.410017229071365 0.933012701892219 0.894742316301101 0.893943071395554
"59" 0.730110265365273 0.379355460010208 0.933012701892219 0.812700046383056 0.893943071395554
"60" 0.730766249393757 0.425741879454443 0.75 0.87295219744538 0.893943071395554
"61" 0.68542367329756 0.442622106829958 1 0.995627315277242 0.893943071395554
"62" 0.651500020732954 0.446531686783409 0.933012701892219 0.937967566938694 0.893943071395554
"63" 0.534144465173759 0.368490593155576 0.933012701892219 0.800910627713307 0.893943071395554
"64" 0.525378442684514 0.4675849673146 1 0.712677101349727 0.893943071395554
"65" 0.558583371278565 0.328845855709624 0.25 0.525808068781482 0.893943071395554
"66" 0.703075241291553 0.308532824765314 0.933012701892219 0.575369640470313 0.893943071395554
"67" 0.955069710783666 0.385898068039285 0.933012701892219 0.929749333181378 0.893943071395554
"68" 0.998458434400885 0.410553079410943 0.75 0.987028677288024 0.893943071395554
"69" 0.906021663604153 0.390290040624729 0.75 0.854146817915987 0.893943071395554
"70" 0.688890761787065 0.397224628122899 0.75 0.891951072231913 0.893943071395554
"71" 0.702408942512035 0.39603218514262 0.75 0.738055623276136 0.893943071395554
"72" 0.551640966975739 0.338785305318129 0.75 0.65083601714226 0.893943071395554
"73" 0.71106982875055 0.0876387642973425 0 0.719943110223975 0.893943071395554
"74" 0.452992283680848 0.0616350684643026 0.0669872981077806 0.766223330295705 0.893943071395554
"75" 0.620046330897369 0.243718262743867 0.75 0.983934403180356 0.893943071395554
"76" 0.525811353554707 0.106990331907168 0.25 0.992304110540968 0.893943071395554
"77" 0.584927936225748 0.262712528904121 0.75 0.862165153628061 0.893943071395554
"78" 0.733635742283069 0.264883335745461 0.75 0.934437407595897 0.893943071395554
"79" 0.693780153969314 0.340321834522174 0.75 0.873713872710975 0.893943071395554
"80" 0.686420739180129 0.422853023220642 0.75 0.890725517954786 0.893943071395554
"81" 0.582137379795539 0.379509041935509 0.75 0.918298492053669 0.893943071395554
"82" 0.510590127374492 0.351632207952835 0.75 0.894150562880899 0.893943071395554
"83" 0.631006028338568 0.419822123537823 0.75 0.811163131897141 0.893943071395554
"84" 0.742993771583931 0.413540132799362 0.75 0.860279172100996 0.893943071395554
"85" 0.94388514853451 0.423090707688621 0.75 0.985769896215147 0.893943071395554
"86" 0.795279163734823 0.382669971571201 0.933012701892219 0.974660906346117 0.893943071395554
"87" 0.703057392443427 0.398830385388229 0.933012701892219 0.90406996519415 0.893943071395554
"88" 0.619956150134892 0.390710315260656 0.75 0.704664834317044 0.893943071395554
"89" 0.828474123643626 0.470238169067124 0.75 0.689193296772484 0.893943071395554
"90" 0.976831358564227 0.52574533169 0.75 0.741120006235436 0.893943071395554
"91" 0.96538233294253 0.525189381312967 0.933012701892219 0.779294154697451 0.893943071395554
"92" 0.942003467705427 0.530423888869708 0.75 0.756342807888894 0.893943071395554
"93" 0.941687162213102 0.53593955825058 0.75 0.729106233144388 0.893943071395554
"94" 0.958711323789659 0.53428095309056 0.75 0.782541473941106 0.893943071395554
"95" 0.877463258296065 0.502441320497537 0.75 0.926775622911162 0.893943071395554
"96" 0.722406293392401 0.519325612930993 0.933012701892219 0.953377639990821 0.893943071395554
"97" 0.787423225234606 0.587330622897587 0.933012701892219 0.940207829222143 0.893943071395554
"98" 0.768146640257907 0.487197865298667 0.5 0.903105005855195 0.893943071395554
"99" 0.730126736850289 0.306080603981079 0.0669872981077806 0.84242924554956 0.893943071395554
"100" 0.883211086643966 0.443948827963726 0.5 0.956623109062435 0.893943071395554
