"bias.score" "rmse.score" "phase.score" "iav.score" "dist.score"
"1" 0.0139270296335395 0.368519234472511 0.5 0.367879441171442 0.00999794937805487
"2" 0.0533045980963364 0.368519224258676 0.75 0.367879441171442 0.00999794937805487
"3" 0.00876480069355381 0.366253759621219 0.5 0.574991196872978 0.00999794937805487
"4" 0.0138956230590062 0.36851922131894 0.933012701892219 0.367879441171442 0.00999794937805487
"5" 0.190082296162285 0.380338818579053 0.933012701892219 0.899259567019706 0.00999794937805487
"6" 0.302184906752922 0.352943972823598 0.933012701892219 0.917793971975216 0.00999794937805487
"7" 0.380352307411697 0.199544528822546 0.933012701892219 0.0765375241408848 0.00999794937805487
"8" 0.572376030889621 0.322047949751643 0.933012701892219 0.36880355362333 0.00999794937805487
"9" 0.376231206174664 0.383980133384774 0.933012701892219 0.744146767048176 0.00999794937805487
"10" 0.0655226192460458 0.0448981934857158 0.933012701892219 0.0756232587045251 0.00999794937805487
"11" 0.188278365689575 0.210320484173789 0.933012701892219 0.181358006213561 0.00999794937805487
"12" 0.531081420687526 0.393670594789847 0.933012701892219 0.606970902910768 0.00999794937805487
"13" 0.527541580458263 0.338436655756992 0.933012701892219 0.5307156798749 0.00999794937805487
"14" 0.490238495552031 0.396088273191987 0.933012701892219 0.753468699903658 0.00999794937805487
"15" 0.566236655678085 0.372832550092441 0.933012701892219 0.611701857718036 0.00999794937805487
"16" 0.770636730354794 0.363411906825003 0.933012701892219 0.512974467055548 0.00999794937805487
"17" 0.896784560618372 0.337708782895659 0.933012701892219 0.124551850942121 0.00999794937805487
"18" 0.163273035424571 0.396534094157847 0.933012701892219 0.481436858701167 0.00999794937805487
"19" 0.0254469005919883 0.380714481324782 0.933012701892219 0.389709177684875 0.00999794937805487
"20" 0.0269893250632315 0.273216526376068 0 0.845477436502696 0.00999794937805487
"21" 0.0531024893907655 0.108989050219617 0 0.476504700321568 0.00999794937805487
"22" 0.469833265605771 4.48708115462448e-05 1 1.64225348656064e-11 0.00999794937805487
"23" 0.651315457337881 0.206014841153157 0.933012701892219 0.0396438673941937 0.00999794937805487
"24" 0.664058859339379 0.398179695933215 0.933012701892219 0.713441261029629 0.00999794937805487
"25" 0.377952607283054 0.376055897709758 0.933012701892219 0.487225185159118 0.00999794937805487
"26" 0.582946450422347 0.184368830476879 0.933012701892219 0.08412994566238 0.00999794937805487
"27" 0.616682468441474 0.330505886680804 0.933012701892219 0.335514255566003 0.00999794937805487
"28" 0.591112550577941 0.284589666196458 0.933012701892219 0.286823725278522 0.00999794937805487
"29" 0.523506130280122 0.297578398358557 0.933012701892219 0.395465447186377 0.00999794937805487
"30" 0.56496880983662 0.276767516061697 0.933012701892219 0.348915312094644 0.00999794937805487
"31" 0.63121078847872 0.255815162328246 0.933012701892219 0.356479984928013 0.00999794937805487
"32" 0.83753249853941 0.323133096818232 0.933012701892219 0.402132179206032 0.00999794937805487
"33" 0.797516767505309 0.261762245931809 0.933012701892219 0.257543619841514 0.00999794937805487
"34" 0.78598403169846 0.229386351791816 0.933012701892219 0.225525208600434 0.00999794937805487
"35" 0.648795583889152 0.230356986133157 0.933012701892219 0.343067918585474 0.00999794937805487
"36" 0.172342223443796 0.0695642315400792 0.933012701892219 0.163719442520432 0.00999794937805487
"37" 0.175206484394727 0.391310978465322 1 0.57189565826838 0.00999794937805487
"38" 0.290072433091624 0.41111482083167 1 0.464899300027075 0.00999794937805487
"39" 0.408045230382088 0.162948695465376 0.933012701892219 0.0547340603213224 0.00999794937805487
"40" 0.564631238715316 0.262524829177701 0.933012701892219 0.134079939053765 0.00999794937805487
"41" 0.612783180627524 0.277438555396566 0.933012701892219 0.190705636057874 0.00999794937805487
"42" 0.571684642044092 0.284041130081668 0.933012701892219 0.179901295524548 0.00999794937805487
"43" 0.143285947735811 0.0862807121954837 0.933012701892219 0.0837079725500797 0.00999794937805487
"44" 0.225184047046353 0.108560028628991 0.933012701892219 0.120715850963215 0.00999794937805487
"45" 0.367993996713534 0.0168603909091663 0.933012701892219 0.00897324800551197 0.00999794937805487
"46" 0.376242313556902 0.0237868818968715 0.933012701892219 0.00112455807048411 0.00999794937805487
"47" 0.489826913038723 0.0214185320477667 0.933012701892219 0.00410854933418404 0.00999794937805487
"48" 0.378880306558744 0.000553173240421985 0.933012701892219 1.37837043258581e-06 0.00999794937805487
"49" 0.732964403392007 0.137191256526752 0.933012701892219 0.154463609847106 0.00999794937805487
"50" 0.993905304782044 0.114378016147893 0.933012701892219 0.0600552920076965 0.00999794937805487
"51" 0.666646149597811 0.142091497224301 0.933012701892219 0.0634512236608352 0.00999794937805487
"52" 0.585135917544503 0.0508552541468269 0.933012701892219 0.00942133982401924 0.00999794937805487
"53" 0.0175484479674882 0.0338556378995351 0.933012701892219 0.02913213840961 0.00999794937805487
"54" 0.00754102143378518 0.17948799653417 0.0669872981077806 0.350015721835399 0.00999794937805487
"55" 0.00675218361850792 0.181912831460764 0 0.391525300945235 0.00999794937805487
"56" 0.014843879969457 0.238304751459512 0.0669872981077806 0.644404309160339 0.00999794937805487
"57" 0.0290335511380603 0.228534090548557 0.933012701892219 0.619320986918837 0.00999794937805487
"58" 0.0156464013586481 0.23780501506373 0.0669872981077806 0.38856468195312 0.00999794937805487
"59" 0.00448182028291774 0.209507159351352 0.25 0.599869969315913 0.00999794937805487
"60" 0.0087226222384933 0.361576860724717 0.933012701892219 0.951719344795489 0.00999794937805487
"61" 0.00558026763749354 0.277630367403348 0.0669872981077806 0.471334605214574 0.00999794937805487
"62" 0.0305395978268121 0.327263570087317 0.75 0.809406514925366 0.00999794937805487
"63" 0.00954411932589651 0.273221824999365 0 0.877267826145666 0.00999794937805487
"64" 0.0125825187506995 0.482207216264702 1 0.663496190335023 0.00999794937805487
"65" 0.898588150234166 0.311331430771545 1 0.0480265762370019 0.00999794937805487
"66" 0.892871250133514 0.258141592257649 1 0.0717342978066667 0.00999794937805487
"67" 0.978415766139458 0.320420910219209 1 0.114535489429517 0.00999794937805487
"68" 0.901399941469138 0.263473374798446 0.933012701892219 0.0673241723474515 0.00999794937805487
"69" 0.805445972673851 0.165055151605272 0.933012701892219 0.011277065726775 0.00999794937805487
"70" 0.943340624890305 0.237144375891608 0.933012701892219 0.0845661798830524 0.00999794937805487
"71" 0.830175823431479 0.239281848633281 0.933012701892219 0.0222756485898353 0.00999794937805487
"72" 0.622075884491617 0.109464217855683 0.933012701892219 0.00981761421871454 0.00999794937805487
"73" 0.602733058123836 0.136907146255881 0.933012701892219 0.0372505184330767 0.00999794937805487
"74" 0.947820270521387 0.299240536366168 0.933012701892219 0.158186532618351 0.00999794937805487
"75" 0.97154982154453 0.279494052576592 0.933012701892219 0.156441661843321 0.00999794937805487
"76" 0.971851416604915 0.335757936657237 0.933012701892219 0.237467263566426 0.00999794937805487
"77" 0.897859696925936 0.372245078653735 0.933012701892219 0.431452213316655 0.00999794937805487
"78" 0.805643136115763 0.296204794219453 0.933012701892219 0.228215721931037 0.00999794937805487
"79" 0.493625052219579 0.178831472063331 0.933012701892219 0.244895690148035 0.00999794937805487
"80" 0.585823534581344 0.1939158270771 0.933012701892219 0.0891549062337033 0.00999794937805487
"81" 0.766776921310897 0.220177679108465 0.933012701892219 0.168230540930698 0.00999794937805487
"82" 0.805630907765625 0.216965875974387 0.933012701892219 0.104495041551161 0.00999794937805487
"83" 0.827458947446794 0.228065148294557 0.933012701892219 0.193185068825982 0.00999794937805487
"84" 0.792452592361457 0.320117212923755 0.933012701892219 0.287429187532181 0.00999794937805487
"85" 0.597428404158814 0.218073429129849 0.933012701892219 0.199123742303543 0.00999794937805487
"86" 0.55797877132186 0.41255876368745 1 0.907860706791421 0.00999794937805487
"87" 0.0506231037462362 0.142016165572767 0.933012701892219 0.373296602435953 0.00999794937805487
"88" 0.280685701175809 0.302172823363989 0.933012701892219 0.445271783456641 0.00999794937805487
"89" 0.909821195394176 0.273765968872408 0.933012701892219 0.0877771184433755 0.00999794937805487
"90" 0.818742746284406 0.396746846338113 0.933012701892219 0.0229882478100711 0.00999794937805487
"91" 0.873151763189446 0.363860656393464 0.933012701892219 0.0129746374030632 0.00999794937805487
"92" 0.619626659766318 0.0780002243744804 0.933012701892219 0.00162788570632516 0.00999794937805487
"93" 0.97175351497931 0.159376524544832 1 0.000529832339296867 0.00999794937805487
"94" 0.922933414371823 0.0945629147855872 1 7.16816895050625e-06 0.00999794937805487
"95" 0.761747011267682 0.210538969718579 1 0.000402041990466299 0.00999794937805487
"96" 0.829492370305513 0.257249652431877 1 0.000228978256577813 0.00999794937805487
"97" 0.715808558062077 0.397321985606135 0.933012701892219 0.0123353549381819 0.00999794937805487
"98" 0.894421063698208 0.463981631994814 1 0.68165179560668 0.00999794937805487
"99" 0.22005746577076 0.0835800115715155 1 0.0968761328296679 0.00999794937805487
"100" 0.995101397173942 0.199733876906739 0.933012701892219 0.18931260723376 0.00999794937805487
