"bias.score" "rmse.score" "phase.score" "iav.score" "dist.score"
"1" 0.0689192233620854 0.37242126639194 0 0.367879441171442 0.709282860185583
"2" 0.305476911783131 0.369409601648625 0.933012701892219 0.372523814605314 0.709282860185583
"3" 0.156027680868144 0.392912473894591 1 0.440244825104036 0.709282860185583
"4" 0.203039221842096 0.367064377893819 1 0.439090248704836 0.709282860185583
"5" 0.286416802994128 0.382490209161923 1 0.509455421130787 0.709282860185583
"6" 0.201807388560776 0.366527037278877 0.933012701892219 0.392407432829379 0.709282860185583
"7" 0.224731855216927 0.385661625371898 0.933012701892219 0.462110247763118 0.709282860185583
"8" 0.174724514751763 0.39657037347505 1 0.426370318137089 0.709282860185583
"9" 0.13166249784275 0.275515362715799 1 0.508653128633372 0.709282860185583
"10" 0.149184313159426 0.334560074523435 1 0.490210027277364 0.709282860185583
"11" 0.137445295738658 0.394170926407766 1 0.473227011125581 0.709282860185583
"12" 0.136504135311858 0.401365899568913 1 0.466047537622844 0.709282860185583
"13" 0.113746101643612 0.402224833059343 1 0.460077161117553 0.709282860185583
"14" 0.118038921035414 0.407015547404925 1 0.4781316925604 0.709282860185583
"15" 0.0305996134924536 0.157912687194136 0.933012701892219 0.530459706348927 0.709282860185583
"16" 0.0828450239058818 0.311804384873476 0.933012701892219 0.506763384163981 0.709282860185583
"17" 0.0129014123545044 0.247979498243969 0.933012701892219 0.553467072132581 0.709282860185583
"18" 0.023198205136923 0.306806796150864 0.75 0.478022365049128 0.709282860185583
"19" 0.0262551154452274 0.268627459128975 0.75 0.509290888805163 0.709282860185583
"20" 0.486185287774911 0.00989895364603102 1 0.90120833715102 0.709282860185583
"21" 0.0990648390671134 0.424616989668765 0.933012701892219 0.508484120825155 0.709282860185583
"22" 0.120234047431769 0.387697070217734 0.933012701892219 0.443245048770103 0.709282860185583
"23" 0.0942657937022617 0.31754824590125 0.933012701892219 0.520335883765208 0.709282860185583
"24" 0.144749878085555 0.364823355551261 1 0.459326454135976 0.709282860185583
"25" 0.15058999855861 0.351764843777232 1 0.492811515840311 0.709282860185583
"26" 0.139604651684165 0.316927328288127 1 0.5374084555277 0.709282860185583
"27" 0.184690140061669 0.356113451438372 1 0.47633421175239 0.709282860185583
"28" 0.190369788045501 0.342757149433251 1 0.493814794038062 0.709282860185583
"29" 0.178662813506454 0.319653259318281 1 0.515525353173639 0.709282860185583
"30" 0.157138370138463 0.355792021655002 1 0.517661558919659 0.709282860185583
"31" 0.271254603550396 0.429336261047935 1 0.484704722647217 0.709282860185583
"32" 0.257984425929118 0.411488858077698 1 0.484081202878555 0.709282860185583
"33" 0.260014956743564 0.36799173562493 0.933012701892219 0.49976345007067 0.709282860185583
"34" 0.154861045965463 0.0448444567646946 0.933012701892219 0.704257279543805 0.709282860185583
"35" 0.0843003245114409 0.345815495310998 0.933012701892219 0.432781686783052 0.709282860185583
"36" 0.107300964890128 0.354444274420694 0.933012701892219 0.434780154121177 0.709282860185583
"37" 0.166248785357939 0.128362282648728 0.933012701892219 0.537702959640482 0.709282860185583
"38" 0.198115795061207 0.201785321183361 0.933012701892219 0.498209335875192 0.709282860185583
"39" 0.262164993024184 0.286701038662775 0.933012701892219 0.507519555839252 0.709282860185583
"40" 0.239379162968824 0.299599224969968 0.933012701892219 0.540398108760767 0.709282860185583
"41" 0.331231724527354 0.0768968460712857 0.933012701892219 0.687625226144979 0.709282860185583
"42" 0.145019698490154 0.106508442041039 0.933012701892219 0.628764835640904 0.709282860185583
"43" 0.291081429765436 0.0352154473684003 0.933012701892219 0.936045677470275 0.709282860185583
"44" 0.149927471051805 0.0581232979308876 0.933012701892219 0.82692941674755 0.709282860185583
"45" 0.26073054672982 0.148943668769292 0.933012701892219 0.764973916353197 0.709282860185583
"46" 0.261316235130841 0.0443170565790919 0.933012701892219 0.920267807311873 0.709282860185583
"47" 0.221647078807985 0.235138155784186 0.933012701892219 0.807207944631366 0.709282860185583
"48" 0.2386049749519 0.240250055734644 0.933012701892219 0.791275869325531 0.709282860185583
"49" 0.239824290456817 0.27647438374528 0.933012701892219 0.665928917144258 0.709282860185583
"50" 0.246022155037854 0.207504985670231 0.933012701892219 0.750869545906511 0.709282860185583
"51" 0.199075782000598 0.23171744619711 1 0.515042694623063 0.709282860185583
"52" 0.294546635523263 0.197626376064516 0.75 0.746808728047918 0.709282860185583
"53" 0.153184720457179 0.110539826789945 0.933012701892219 0.844504434127898 0.709282860185583
"54" 0.119732170580529 0.105888660362192 0.75 0.978132673716997 0.709282860185583
"55" 0.122766521035988 0.0574035111885086 0.933012701892219 0.928079996967818 0.709282860185583
"56" 0.165336909972163 0.182887960309882 0.933012701892219 0.872813388399518 0.709282860185583
"57" 0.133463152227504 0.193802798654656 0.933012701892219 0.823808373226327 0.709282860185583
"58" 0.149812842130274 0.241743730996509 0.933012701892219 0.44505691035217 0.709282860185583
"59" 0.129652531617044 0.339577000483851 0.933012701892219 0.48732973771444 0.709282860185583
"60" 0.112017845792935 0.285234451378307 0.933012701892219 0.583632149952344 0.709282860185583
"61" 0.0491994579198633 0.323347207621129 0.933012701892219 0.480603717194279 0.709282860185583
"62" 0.0457433068077918 0.36089604021412 0.933012701892219 0.486622382322499 0.709282860185583
"63" 0.116688434916264 0.256204346443011 0.933012701892219 0.533581960781188 0.709282860185583
"64" 0.327860299853759 0.605572909569359 1 0.731595206555778 0.709282860185583
"65" 0.828492805629825 0.324431962063508 1 0.654666557794243 0.709282860185583
"66" 0.604857464267506 0.317843047428675 1 0.642906910418074 0.709282860185583
"67" 0.213408418159089 0.606808880737663 0.933012701892219 0.8652629706273 0.709282860185583
"68" 0.141201735756936 0.560831754528517 0.933012701892219 0.976105865956881 0.709282860185583
"69" 0.182928329285249 0.560211847339243 0.933012701892219 0.804368391377282 0.709282860185583
"70" 0.685613092374311 0.260532551894309 1 0.777738768933575 0.709282860185583
"71" 0.303815009086208 0.099944906176782 1 0.673283718270066 0.709282860185583
"72" 0.233016933539156 0.320462909411834 1 0.727047630963596 0.709282860185583
"73" 0.246674599812179 0.409028116756533 1 0.558481207145291 0.709282860185583
"74" 0.203731562376582 0.388908385487536 0.933012701892219 0.533054488862575 0.709282860185583
"75" 0.231614543691244 0.371046643849703 1 0.602318234255555 0.709282860185583
"76" 0.138183862665842 0.296381850567389 0.933012701892219 0.518423725263628 0.709282860185583
"77" 0.182711362270657 0.4092434943625 1 0.534785016341532 0.709282860185583
"78" 0.0721654441570919 0.0728759465751778 1 0.710514072143682 0.709282860185583
"79" 0.0853343344489933 0.24519257980861 1 0.589983385902906 0.709282860185583
"80" 0.0992345627470094 0.0641473447118768 1 0.666641562301158 0.709282860185583
"81" 0.153961681188456 0.165422726494077 1 0.53567270030015 0.709282860185583
"82" 0.107645733065463 0.0903497793751221 1 0.688443255385128 0.709282860185583
"83" 0.183234106746586 0.141727936952554 1 0.569298020191852 0.709282860185583
"84" 0.314955253036405 0.404735558686531 0.933012701892219 0.489150138536383 0.709282860185583
"85" 0.253134448924233 0.376020405412332 0.933012701892219 0.510148019575008 0.709282860185583
"86" 0.194398310281788 0.417832837006384 0.933012701892219 0.404446215725342 0.709282860185583
"87" 0.143978739166002 0.289280101391271 0.933012701892219 0.462453953740007 0.709282860185583
"88" 0.182649697682561 0.369127593663505 0.933012701892219 0.4544077320325 0.709282860185583
"89" 0.829130043110959 0.162613639906339 0.933012701892219 0.876021709548459 0.709282860185583
"90" 0.872259036941259 0.0777888661118323 0.933012701892219 0.976202461639291 0.709282860185583
"91" 0.600666061189871 0.0500038419114875 0.933012701892219 0.778536734020654 0.709282860185583
"92" 0.796528271574715 0.00858880595417923 0.933012701892219 0.913998058464045 0.709282860185583
"93" 0.741061076554184 0.009268318336042 0.933012701892219 0.927777762661334 0.709282860185583
"94" 0.544227970146373 0.00586595876155142 0.933012701892219 0.692948066150532 0.709282860185583
"95" 0.842749843951958 0.0392379856023964 0.933012701892219 0.97701639160845 0.709282860185583
"96" 0.697635486526924 0.0461650321603466 0.933012701892219 0.926541296434656 0.709282860185583
"97" 0.572802414236001 0.106927126570502 0.933012701892219 0.858744971163729 0.709282860185583
"98" 0.137559168780988 0.419055740093257 0.933012701892219 0.426370481666667 0.709282860185583
"99" 0.235204917692958 0.135330755666268 0.933012701892219 0.603946362789231 0.709282860185583
"100" 0.169120856931449 0.130773942153457 0.933012701892219 0.548945577718428 0.709282860185583
