"lon" "lat" "mod.mean" "ref.mean" "bias" "bias.score" "crmse" "rmse.score" "mod.max.month" "ref.max.month" "phase" "phase.score" "mod.iav" "ref.iav" "iav.score"
"X1" -66.4598 -33.4648 1.48956152726091 8.99631055555555 -7.50674902829465 0.0702435250469308 2.24204316946255 0.452392637634905 1 11 2 0.75 0.319824584980964 1.67310962060724 0.445372524295974
"X2" -56.1886 -28.2395 5.77842953938148 6.9800875 -1.20165796061852 0.531966824299081 1.53507574672924 0.44650585664574 1 12 1 0.933012701892219 0.250663252472373 1.35135493130112 0.442856413471905
"X3" 11.3175 47.1167 3.66886306208796 4.96173447723485 -1.29287141514689 0.750275285216052 2.71989693673278 0.546378520943212 7 5 2 0.75 0.681898571416851 0.871266833205509 0.804649756375277
"X4" 131.1178 -13.0769 3.73296551018457 4.12689222222222 -0.393926712037651 0.851693293208614 2.18170815563108 0.411039328725119 3 1 2 0.75 0.378847058264632 1.72244790162679 0.458381665772885
"X5" 133.249 -22.283 0.775431337623219 0.792790465 -0.0173591273767806 0.981339601917492 0.796649061723934 0.42127975536202 3 3 0 1 0.336167551096619 0.79581715687212 0.561253880760662
"X6" 140.5891 -34.0021 1.27538503072244 1.36222777 -0.0868427392775633 0.892369455121791 1.43579387675994 0.152174695994861 10 3 5 0.0669872981077806 0.75421921077476 0.725611329647693 0.961341184871212
"X7" 150.7236 -33.6152 4.2526886621194 3.52252277777778 0.73016588434162 0.364227679132528 1.74733256995365 0.0891944974322558 12 3 3 0.5 1.0710295186625 0.599332210339141 0.455191012502915
"X8" 131.3181 -14.0633 3.08979210662285 3.60578592702381 -0.515993820400957 0.875381361570852 2.79415237002281 0.4863996130016 3 3 0 1 0.573245259258081 2.13227160045584 0.481351510255812
"X9" 131.3881 -14.1593 2.99202061973237 4.36098869047619 -1.36896807074382 0.51475029544846 2.07836340754732 0.364877253594793 3 2 1 0.933012701892219 0.603643986850821 1.19887584332214 0.608662313147764
"X10" 132.3706 -15.2588 2.67020037053616 3.37822952380952 -0.708029153273359 0.643265871975002 2.07337464738373 0.27472338109469 3 3 0 1 0.7207088390954 1.12444723880043 0.698335944068241
"X11" 148.4746 -23.8587 1.55002363576499 1.09865166666667 0.451371969098318 0.626928333761984 1.53401275463738 0.204566136111978 2 8 6 0 0.827538910333684 0.646770645534269 0.756166557088662
"X12" 131.3072 -12.5452 3.92484977155753 2.75273205555556 1.17211771600198 0.431227302358085 1.16785689606579 0.432547838368906 3 1 2 0.75 0.470646658674617 0.490017465441738 0.96124029957721
"X13" 115.7138 -31.3764 1.71430124292472 3.074326875 -1.36002563207528 0.265785552014847 1.24727392631077 0.296647081597265 9 11 2 0.75 0.57098199152954 0.399859146990251 0.651838915816152
"X14" 120.6541 -30.1913 0.676293713195446 1.226162125 -0.549868411804554 0.1479590429832 0.603534867425645 0.122785867750436 9 2 5 0.0669872981077806 0.209745836703585 0.178896942816306 0.841609230425181
"X15" 131.1523 -12.4943 3.92261427042778 5.24058702380952 -1.31797275338175 0.578403084135176 1.99865126563661 0.435945823824942 3 1 2 0.75 0.539433489066273 1.55320275938025 0.520640222761417
"X16" 140.6551 -34.4704 1.77719421939254 4.12079933333333 -2.34360511394079 0.554689412099635 3.59810940257372 0.404615747495141 11 12 1 0.933012701892219 0.536502508324613 3.18903279085739 0.435279734386417
"X17" 132.4776 -14.5636 2.77955913471065 2.02902404444444 0.750535090266201 0.719964204943622 2.66351523459042 0.311617499840837 3 1 2 0.75 0.359513362004452 1.8238371393684 0.448036410789373
"X18" 145.5759 -36.6499 2.96021603985274 2.9948083125 -0.0345922726472554 0.984759083639515 2.91004102276414 0.274721350711565 12 9 3 0.5 0.319876472377731 1.30008937442641 0.470500578522414
"X19" 145.6301 -17.1175 3.90630543113477 5.84299083333333 -1.93668540219856 0.0933813458915714 1.06682422966573 0.270873937024974 2 2 0 1 0 0 NA
"X20" 133.3502 -17.1507 1.73081861542266 1.13910574784524 0.591712867577422 0.657584693827305 1.29285381784324 0.40016250412699 3 3 0 1 0.497664318285579 0.902521838448673 0.638531203000918
"X21" 133.64 -22.287 0.860648343637001 0.222368869888889 0.638279473748112 0.35003214924446 0.601781975331833 0.371686106199266 3 2 1 0.933012701892219 0.288619351080514 0.507428030168146 0.649721637568014
"X22" 148.1517 -35.6566 3.3065079164141 7.67732975595238 -4.37082183953828 0.233194499978908 2.3325141085088 0.459810888248885 12 12 0 1 0.61606867902454 1.89474828217338 0.509230454892567
"X23" 145.1878 -37.4259 3.23744783828302 5.16289645833333 -1.92544862005031 0.279384136116535 1.08503604509576 0.487440402743045 12 12 0 1 0.487472637767832 0.823874366083241 0.664768260149192
"X24" 145.0294 -36.6732 2.71836950718151 3.23265916666667 -0.514289659485156 0.561891262902578 0.664325237495551 0.47491669320485 11 12 1 0.933012701892219 0.337969005998259 0.426359003458597 0.812764769774778
"X25" 144.0944 -37.4222 2.70652077100585 6.12939566666667 -3.42287489566082 0.2016201834357 1.45481390193492 0.506300370435951 11 1 2 0.75 0.465405489361923 1.01359920823272 0.582259682895389
"X26" 146.2907 -34.9893 1.42073971023521 0.308863786944444 1.11187592329077 0.182145402798784 1.34112814508806 0.128211649551368 11 9 2 0.75 0.794887463020574 0.570654125409727 0.675068652447158
"X27" 4.5198 51.3076 4.13366048937659 4.1340593 -0.000398810623408075 0.999866165004774 1.45855091656959 0.612932140620974 7 6 1 0.933012701892219 0.820051249526071 1.02533936552268 0.818554908601499
"X28" 4.7461 50.5516 4.05019913967554 3.80938582436364 0.240813315311908 0.955262491464584 3.99597815337469 0.467910665203576 7 6 1 0.933012701892219 0.784786369379732 3.70928274410654 0.454559535718642
"X29" 5.9981 50.305 4.08346913617333 5.00662100263158 -0.923151866458249 0.769456560887879 1.32093391657714 0.687292085729121 7 6 1 0.933012701892219 0.755643995989776 0.888416684588354 0.861182644607414
"X30" -54.9589 -2.8567 7.59517645594372 9.89120953703704 -2.29603308109331 0.378423014874626 2.95961052137532 0.28576475360361 7 10 3 0.5 0.589901926411603 2.16937187977199 0.482836551895915
"X31" -54.9714 -3.018 8.05022999662054 9.150499 -1.10026900337946 0.442312599391224 1.86972058508763 0.250021318604063 2 11 3 0.5 0.284853410915567 1.01041372788345 0.487686546509457
"X32" -82.1556 48.2167 3.24181116946882 2.97525857358194 0.266552595886874 0.921624813890596 1.57894211283415 0.616643550548731 7 7 0 1 0.384466017748583 1.35437861076924 0.488639117931425
"X33" -98.4808 55.8796 2.39997420085308 1.67861317905556 0.721361021797529 0.706348965605326 1.68624762460267 0.443678906754552 7 7 0 1 0.365956690890446 1.12740027462771 0.508953955240674
"X34" -98.4839 55.8792 2.3890680850896 2.43198047689583 -0.0429123918062291 0.981715538677795 1.60121604026939 0.502292013235246 7 7 0 1 0.286468094778579 1.02340673384925 0.486711453935949
"X35" -98.5247 55.9058 2.3697917951931 2.165113053 0.204678742193105 0.912238005503956 1.45208669604088 0.521181087803752 7 7 0 1 0.264602098311229 0.907355247156861 0.492440851275111
"X36" -98.3822 55.9117 2.35800501275202 2.17344374685 0.18456126590202 0.923341187510925 1.29295138939315 0.571930892973562 7 7 0 1 0.263722831376884 0.808268588721091 0.509809161251169
"X37" -98.3806 55.9144 2.36811962857756 1.01441240583333 1.35370722274423 0.384754028938943 2.03817588935989 0.237378445324233 7 7 0 1 0.284702797441385 0.858264318705513 0.512589090251339
"X38" -98.485 55.8631 2.38441842921128 2.41446518016667 -0.0300467509553877 0.98844039724209 1.68913072092582 0.520154979134505 7 7 0 1 0.265665645093897 1.2798438785707 0.452746280917988
"X39" -98.9644 55.9167 2.39367036029358 1.11277832195 1.28089203834358 0.432241051099091 1.72820950920881 0.322487592455192 7 7 0 1 0.265747251142328 0.637008675475646 0.558321652725915
"X40" -99.9483 56.6358 2.19846102160038 1.32902515854167 0.86943586305871 0.588429945567948 1.43560537733243 0.416602511519872 7 7 0 1 0.297140725577868 0.546926331609655 0.6333652846985
"X41" -106.1978 53.6289 2.51633868634176 3.08688601103889 -0.57054732469713 0.877048070798215 1.91944363771364 0.643159194375954 7 7 0 1 0.410384054616825 0.8780232570194 0.587073899480339
"X42" -105.1178 53.9872 2.77984052197683 2.39560309083333 0.3842374311435 0.859659172975535 1.00090338904327 0.67441313233468 7 7 0 1 0.396869282825528 0.515129444178068 0.794872401552883
"X43" -74.3421 49.6925 2.88843585436185 2.13178017354167 0.756655680820186 0.712105323346374 1.6244345813425 0.482428505543343 7 7 0 1 0.330209341310517 0.92997679359649 0.52470066968651
"X44" -105.8176 54.485 2.90142979868956 3.92863864583333 -1.02720884714377 0.653596052114858 2.10859700918749 0.417712510519008 7 7 0 1 0.279568483829171 1.15170731569895 0.468950832051084
"X45" -105.8775 54.2539 2.85004663915374 3.85671627166667 -1.00666963251293 0.723735993349989 1.57972074307254 0.60206803152168 7 7 0 1 0.312699090718941 1.23819213504086 0.473570202361147
"X46" -106.0053 54.0916 2.73805182230834 1.41497895138889 1.32307287091945 0.342108935064268 2.22570757344193 0.164573260783631 7 7 0 1 0.298791396425318 0.511287529960249 0.659937695083152
"X47" -80.5595 42.6609 3.94463274155299 2.72229130423611 1.22234143731688 0.629723701069565 3.01838899846671 0.319176656841404 7 8 1 0.933012701892219 1.31747193847707 1.79063189508359 0.767787796850382
"X48" -80.4588 42.7744 3.94373362208052 6.22687320083333 -2.28313957875281 0.611120422965123 3.09473100631517 0.512980591789749 7 8 1 0.933012701892219 1.13682269994271 2.04669766351211 0.64110785120423
"X49" -80.3483 42.7068 3.95479355169073 4.20848271215278 -0.25368916046205 0.930439294914077 2.13170459203912 0.545621199600323 7 6 1 0.933012701892219 1.23328404094458 1.49030067610812 0.841592301621293
"X50" -80.3574 42.7102 3.92273155235436 3.76089261929487 0.161838933059485 0.95493493933667 1.84715685419153 0.59078541665803 7 7 0 1 1.19927687486388 1.15953951313443 0.966310613382369
"X51" -80.5577 42.6353 3.68455778893648 3.82364797777778 -0.139090188841293 0.968474525428553 1.56223054144282 0.697823718975984 7 7 0 1 1.2851693702753 0.607476198359919 0.327722513440195
"X52" 11.6564 -4.2892 5.73153030930101 3.0331121875 2.69841812180101 0.412253145030741 2.79287623414107 0.399661942196183 2 12 2 0.75 0.433162675820916 2.61302598782435 0.434208919068816
"X53" 8.4104 47.2102 3.55233897038095 7.12536468333333 -3.57302571295239 0.419778687040142 2.51175141591429 0.543240785260263 7 6 1 0.933012701892219 0.438230667041525 1.7341253931394 0.47364835822989
"X54" 9.8559 46.8153 3.59221715707963 3.01480367898148 0.577413478098151 0.766929571996394 1.696183497037 0.458630535183124 7 7 0 1 0.480084248590058 0.778709452249624 0.681480716756123
"X55" 8.5378 47.1158 3.52737182751754 5.56571723591667 -2.03834540839913 0.615636146307481 2.44134612537655 0.559334281756121 7 5 2 0.75 0.42900414576322 1.54468358250314 0.485648321913105
"X56" 7.7319 47.2858 3.64679593651793 5.14097978571429 -1.49418384919635 0.660602905993621 2.60219664986666 0.485754967083363 7 7 0 1 0.330949003444679 1.93521174716351 0.436491822819314
"X57" 128.0958 42.4025 3.52534907577298 3.94986338888889 -0.424514313115905 0.899928974574413 1.00898122258115 0.778327914862756 7 6 1 0.933012701892219 0.447087817807405 0.454678865966654 0.983443190146742
"X58" 123.5092 44.5934 3.3490538888949 1.76717022916667 1.58188365972823 0.475936549629084 2.39561909893121 0.324845863228092 8 7 1 0.933012701892219 1.05920948819444 0.586027271737981 0.445998090767898
"X59" 91.0664 30.4978 0.488948636554828 0.8965706 -0.407621963445172 0.662934319927164 0.698827332200235 0.49422979761709 9 8 1 0.933012701892219 0.0321081287604819 0.347833057345146 0.403454734518972
"X60" 112.5361 23.1733 7.38437642888608 4.310035 3.07434142888608 0.0903078662960707 1.4004065149368 0.334439879774781 6 10 4 0.25 0.634616009022988 0.66138785201888 0.960330022169074
"X61" 116.2836 42.0467 2.46643836431644 0.56590142125 1.90053694306644 0.178990896255537 2.50061034164112 0.103973011744058 8 7 1 0.933012701892219 0.609090820008051 0.850002249010273 0.753200016208483
"X62" 116.2809 42.0551 1.72332360129956 0.582667820833333 1.14065578046622 0.238194710543241 2.06834228571989 0.0741644584753151 8 3 5 0.0669872981077806 0.237398145470068 0.685341713417998 0.520166584743612
"X63" 101.3269 37.6086 0.569455863606877 2.47689486111111 -1.90743899750423 0.488114829765799 2.18825804366584 0.439202953543337 9 7 2 0.75 0.134241501772323 0.415343866878888 0.508243656132251
"X64" 101.18 37.37 0.587827935133201 1.9231256475 -1.3352977123668 0.584494218719407 1.97253385215153 0.452357858361768 9 7 2 0.75 0.148051344579293 0.386374968415709 0.539658080996833
"X65" 115.0581 26.7414 5.94275671693795 4.78208 1.16067671693795 0.578153852724655 0.785131724751412 0.69029689930047 6 6 0 1 0.379553572093262 0.602219145558971 0.690912721239682
"X66" 111.8971 41.7902 0.851076986030787 0.143461633611111 0.707615352419675 0.140521570288132 0.995943160902809 0.0631653509914816 8 7 1 0.933012701892219 0.435017482761642 0.313042070359043 0.677296980492667
"X67" 18.5369 49.5021 3.8615321108952 5.32894460454545 -1.46741249365025 0.658606816065518 2.39274527115819 0.506120681391561 7 7 0 1 0.951973868355055 1.39411820985572 0.72822164364366
"X68" 18.5429 49.4944 3.78167586733849 3.01339508392857 0.768280783409917 0.773933197550594 1.64688583176884 0.577331022928205 7 6 1 0.933012701892219 0.762289645679178 0.928404582562037 0.836168477342277
"X69" 14.7704 49.0247 3.98615097294585 3.19993074444444 0.78622022850141 0.799583764390991 1.3923569762907 0.67294087757787 7 6 1 0.933012701892219 0.686655091551797 0.71802808049593 0.957247536773455
"X70" 13.6834 53.8662 3.89208023765758 3.92070254833333 -0.0286223106757508 0.993276679064409 2.91625063862031 0.502914873651124 7 6 1 0.933012701892219 0.875838800297058 2.41659260611449 0.528573802682355
"X71" 10.9143 51.1001 3.4320399138437 2.99502966315476 0.437010250688943 0.902870911431781 3.60724095091556 0.43024727610768 7 6 1 0.933012701892219 0.815105374835645 2.54645218101212 0.506664877331344
"X72" 13.5126 50.95 3.76765165288975 4.32123176818182 -0.553580115292068 0.857712204643424 1.94990399866807 0.582378882757208 7 7 0 1 0.732766467072585 1.30825247152928 0.644107847608092
"X73" 10.453 51.0792 3.52362992761084 4.48809085939744 -0.964460931786591 0.819023004613323 2.36185178630493 0.613299077588551 7 6 1 0.933012701892219 0.811320971395699 0.820514823272727 0.988857562347104
"X74" 13.5224 50.8931 3.77458485923608 3.46305367037879 0.311531188857288 0.927352715519259 3.63682078720462 0.414588188649713 7 6 1 0.933012701892219 0.729139166754825 2.70972473738185 0.481466980974421
"X75" 13.3047 49.0996 4.10611110324051 1.38783549833333 2.71827560490717 0.138794163327988 2.22204964673332 0.199036551098767 7 6 1 0.933012701892219 0.802028869327762 0.418163851329352 0.399325850805438
"X76" 10.3678 51.3282 3.24112795212021 4.57358382239583 -1.33245587027562 0.760066160180248 2.60880372094335 0.584413164559191 7 6 1 0.933012701892219 0.704952807178127 0.936204539237225 0.781133008300496
"X77" 13.7213 50.7867 3.89920110356706 4.97530212380952 -1.07610102024246 0.768655423853145 1.70298021233815 0.659424475647556 7 7 0 1 0.757326968787955 0.95890356152931 0.810409413925403
"X78" 6.3041 50.6219 3.97576731935168 4.851783125 -0.876015805648324 0.762021246239082 1.84757521313049 0.563716534943895 7 5 2 0.75 0.753994701912175 0.905348529519192 0.846049495432232
"X79" 6.4472 50.8659 3.92748214177245 4.46202238958333 -0.534540247810888 0.900444360193887 3.07766622260439 0.546740412554306 7 6 1 0.933012701892219 0.759347438484757 2.65605687334557 0.489629039472428
"X80" 6.4497 50.8706 4.12885479451035 4.36714188333333 -0.238287088822983 0.951028041871466 3.92009493081633 0.437779314375247 7 6 1 0.933012701892219 0.565276409260832 3.13987928342586 0.440445420597253
"X81" 11.3275 47.8064 3.59532860968117 2.83696208333333 0.758366526347841 0.658785146816562 2.09400485784455 0.31587453189301 7 7 0 1 0.557933253933291 0.846258911216925 0.711267848487178
"X82" 14.0337 51.8923 3.82263348577478 4.83832115 -1.01568766422522 0.791971814954241 1.96386545185928 0.637018329787894 7 6 1 0.933012701892219 0.969510554963417 1.18660477423184 0.832806373132739
"X83" 13.5652 50.9624 3.70347803413238 5.25610928815789 -1.55263125402551 0.669119860275627 1.70935700125742 0.642524855072235 7 6 1 0.933012701892219 0.726131691264507 1.04233423199412 0.738333228638334
"X84" 12.889 53.8759 3.25405547279552 1.96328519166667 1.29077028112885 0.478936516826598 1.21023410123139 0.501448866491964 7 7 0 1 0.464203843074333 0.363736418123433 0.758654037070652
"X85" 12.1918 55.6905 3.01848570836409 3.39332622222222 -0.37484051385813 0.81835140232616 2.16245222641938 0.314594055070066 7 5 2 0.75 0.351517274283248 0.646593524023974 0.633588812283769
"X86" 9.5872 56.4842 2.56114502893095 2.93424408333333 -0.373099054402384 0.866029381890074 1.28462220253755 0.609421504520394 7 8 1 0.933012701892219 0 0 NA
"X87" -51.3861 64.1308 0.0720278319616042 0.848957181357143 -0.776929349395539 0.489980231887826 1.01057101798411 0.39537360219555 8 7 1 0.933012701892219 0.0789506431453362 0.506165866747919 0.429977588901063
"X88" 11.6446 55.4859 3.41729071756298 5.34354306359649 -1.92625234603351 0.692848867478822 3.1898491474123 0.544627318145402 7 6 1 0.933012701892219 1.28371827293977 1.13135891706122 0.87400486451262
"X89" -20.5545 74.4814 0.000313874436151655 0.992264536166667 -0.991950661730515 0.550958546650079 1.64657520958872 0.371769559895894 8 7 1 0.933012701892219 0.00145410276550101 0.92591491927922 0.36845763120323
"X90" -20.5503 74.4733 0.00516782542656791 0.469252083735556 -0.464084258308988 0.514052649873156 0.692309242776806 0.370585479024471 8 7 1 0.933012701892219 0.0205536044883798 0.495724807435532 0.383452978438352
"X91" -2.2523 36.8336 0.93213961188743 0.31085249125 0.62128712063743 0.26423473073028 0.83945537865535 0.165584086684436 5 2 3 0.5 0.360836065975675 0.329095877905276 0.90805836021021
"X92" -2.9658 37.0979 1.38969155009043 1.33129766666667 0.0583938834237681 0.943473452721136 1.10920864486188 0.331118217576978 5 6 1 0.933012701892219 0.436097461027243 0.277998272161364 0.566257898855427
"X93" -2.7521 36.9266 1.28663706087085 0.70625365875 0.580383402120846 0.443776191574599 0.785082801194094 0.333211400362892 5 5 0 1 0.501748794692053 0.517468283725419 0.970079079072075
"X94" 24.2948 61.8474 3.72907749202979 3.18296696712281 0.546110524906978 0.846675408097215 1.16726712595422 0.70064949192165 7 7 0 1 0.497454009484328 0.713215406318116 0.738954255972918
"X95" 23.5135 60.8986 3.98125534228094 1.37437659475 2.60687874753094 0.2855653389339 2.37072256180665 0.319899036389883 7 7 0 1 0.429158782099958 0.907480574870675 0.590321699060046
"X96" 23.9595 60.6418 3.67691379169655 4.01707043604167 -0.340156644345112 0.914897889442224 1.37519107764705 0.697969737828634 7 7 0 1 0.445953098546032 1.08813436562424 0.554234580796762
"X97" 24.2092 67.9972 1.914655164588 1.32210450413556 0.592550660452448 0.763886071846692 0.698026280622389 0.72812738358677 7 7 0 1 0.203211521327062 0.213420057696073 0.953292907830595
"X98" 26.6386 67.3624 2.46669351130904 1.86271448183333 0.603979029475709 0.765817007399718 0.962702929003781 0.653586189716046 7 7 0 1 0.414262821600633 0.433965075243165 0.955614632520113
"X99" 2.7801 48.4764 3.67926638550352 4.56999697083333 -0.89073058532981 0.819241323192908 2.26895346415889 0.601775426384431 6 6 0 1 1.22833388300198 1.12922327632807 0.915972596904496
"X100" 1.9519 48.8442 3.47231301299934 3.88624286893939 -0.413929855940049 0.909382612250911 4.06469596123745 0.393460876141753 7 5 2 0.75 1.02916970831497 3.10043067611782 0.512704364337646
"X101" -0.7693 44.7171 3.61856761580158 4.89971185897436 -1.28114424317278 0.650981660465523 2.34815261114719 0.455300802340658 6 6 0 1 0.767951912826168 2.04650151254258 0.535395841453779
"X102" 3.5957 43.7413 4.01628863254374 3.33795507222222 0.678333560321522 0.64965828813833 2.09114205622747 0.264576990368302 6 6 0 1 0.565837361153609 0.97601600285758 0.656877250663031
"X103" -52.9249 5.2788 7.90445988949654 9.91389303030303 -2.00943314080649 0.169118779854161 1.66611449736722 0.229117333714825 6 7 1 0.933012701892219 0.901383868507412 1.03728850433152 0.877200994705266
"X104" -2.6942 5.2685 6.84838797488708 5.72777625 1.12061172488708 0.742869267874857 3.86094457751419 0.359122677188858 5 2 3 0.5 0.949263208399751 3.55508285482121 0.480473009584681
"X105" 14.9574 40.5238 3.57161562918031 5.01554274772727 -1.44392711854696 0.70692538462477 3.98686765004219 0.38379663249296 6 7 1 0.933012701892219 0.742872668642527 2.85960544600698 0.477009690274952
"X106" 12.0266 42.3804 3.48677164680932 3.94759816666667 -0.460826519857342 0.862662439584404 2.32546561459502 0.474497940884416 6 5 1 0.933012701892219 0.518241273385959 1.99270463332658 0.477146974504884
"X107" 12.026 42.3772 3.48675033769323 2.39667145833333 1.0900788793599 0.671767755002424 3.4533282398707 0.283554719960733 6 4 2 0.75 0.518254264637493 1.95173052387941 0.479762431746453
"X108" 12.0222 42.38 3.48661537995798 3.49741991666667 -0.0108045367086866 0.996920374410116 3.05363269791889 0.418230607053269 6 6 0 1 0.518337214945432 2.60517267824498 0.448863982614303
"X109" 13.5881 41.8494 3.78120669628242 4.50465081061404 -0.723444114331619 0.843539378968651 2.98628537919598 0.495418616356942 6 6 0 1 0.778886729084723 2.21742448445957 0.522702602908075
"X110" 12.3573 41.7043 3.37898860502364 5.90176833333333 -2.52277972830969 0.23786850539163 1.60686024646126 0.400648779388251 6 6 0 1 0.446796462612514 0.933248440177879 0.593780261416863
"X111" 12.3761 41.7053 3.90252083727283 5.40318453703704 -1.5006636997642 0.483546050979034 1.80948413361903 0.416388326694968 6 6 0 1 0.651035505663996 1.25620683693734 0.617704571778833
"X112" 8.6336 45.8126 3.30213866136605 5.51767052208333 -2.21553186071728 0.633237187589478 2.02413571681157 0.658732001047332 7 6 1 0.933012701892219 0.136943372237241 0.725341776960482 0.4443238490374
"X113" 11.2853 45.9542 4.02417977803163 6.01637791666667 -1.99219813863504 0.547911522469113 2.37049555483117 0.488758474522544 7 5 2 0.75 0.414217621122747 1.52005955943401 0.483115711939946
"X114" 11.2813 45.9562 3.64562616233759 6.64591619444444 -3.00029003210686 0.463426580091046 2.2999382969977 0.554562302742636 7 6 1 0.933012701892219 0.74963884031845 0.992514522055205 0.782933564607483
"X115" 11.0458 46.0147 3.58444864633324 3.6937080394697 -0.109259393136458 0.971445211988703 1.77187830297059 0.625115994244604 7 6 1 0.933012701892219 0.766413405947295 0.78836254502492 0.972542572543057
"X116" 8.1512 40.6062 4.05610046472617 3.26763668939394 0.788463775332233 0.564421955376081 2.04994119822008 0.226042704269315 6 5 1 0.933012701892219 0.742007755979868 0.785279525458266 0.946387048218472
"X117" 9.061 45.2009 3.2205214946174 5.01042136111111 -1.78989986649371 0.696516524154635 2.94843912622957 0.551145742134621 7 6 1 0.933012701892219 0.241453391284608 0.911857068312193 0.479406223496607
"X118" 11.4337 46.5869 3.77846280829402 3.27614287277778 0.502319935516237 0.861681780642604 2.61078463798291 0.461284175236027 7 7 0 1 0.663981111275013 2.2658696113196 0.493139041606821
"X119" 11.93 42.4081 3.86630332768424 4.43672306111111 -0.570419733426876 0.846214167366166 1.98342919688343 0.559549912544128 6 6 0 1 0.696790001330344 1.508786609525 0.583810659323748
"X120" 11.9209 42.3903 3.71717900479451 4.37664124416667 -0.65946223937216 0.852514120148351 2.42702752782603 0.555853211874486 6 6 0 1 0.575883651762003 1.27610994517058 0.577689121081062
"X121" 10.291 43.732 3.56854290624706 6.43660291666667 -2.86806001041961 0.365231631948662 1.49026457122775 0.592525972716093 6 6 0 1 0.526519288323651 0.6401426726959 0.83736353706532
"X122" 10.2844 43.7279 3.73302293626276 5.69479369047619 -1.96177075421343 0.47107677161 1.721852433773 0.516501439311159 6 6 0 1 0.585040794714503 1.38630047746449 0.561028184308647
"X123" 7.5781 45.8444 3.33252561209011 2.94998568416667 0.382539927923446 0.88834989020357 1.70649522093604 0.589705977493232 7 7 0 1 0.448361181158019 1.4732640989411 0.498741100190779
"X124" 102.3062 2.973 7.27313534104114 7.09306083333333 0.180074507707802 0.77282676616498 0.791173327000625 0.322313887430066 4 5 1 0.933012701892219 0.344465474250627 0.623384924519921 0.639270672485693
"X125" 5.0713 52.2404 4.19877961605358 3.66469704583333 0.534082570220242 0.836563294658187 1.72449623962212 0.562026539562302 7 6 1 0.933012701892219 0.687707270180663 1.01624716340955 0.723765821291779
"X126" 5.7436 52.1666 4.25942714479593 4.76257628947368 -0.503149144677754 0.844029384190963 1.40574919424733 0.622659026185693 7 7 0 1 0.881501692497304 0.752259213271348 0.842142720116991
"X127" 15.923 78.186 NA NA NA NA NA NA NA NA NA NA NA NA NA
"X128" -79.6346 9.3181 7.6562079418627 5.87561833333333 1.78058960852937 0.31028150639604 0.866367724717822 0.565858171559867 7 6 1 0.933012701892219 0.312810573858626 0.573021891366451 0.635016926834657
"X129" -79.6314 9.3138 7.65499897114257 7.26556672222222 0.389432248920346 0.868159481239623 1.93054891107335 0.496154316736631 7 9 2 0.75 0.313324275912711 1.00355147776049 0.5026885174428
"X130" 161.3414 68.613 0.600435095248742 0.983517521222917 -0.383082425974174 0.792358175598534 1.5467494946092 0.390734204317901 7 6 1 0.933012701892219 0.174330589421786 1.27337718655782 0.421854051168543
"X131" 147.4943 70.8291 0.534553401859116 1.82213416298667 -1.28758076112755 0.515144675325943 1.68845808361561 0.419025859563652 7 7 0 1 0.208643440718456 1.09251032253516 0.445292536826476
"X132" 32.9221 56.4615 3.92387076159311 3.90628455941176 0.0175862021813424 0.995434667404726 1.55829734866175 0.666672613563829 7 6 1 0.933012701892219 0.546648923116715 1.12022874541681 0.599283641521592
"X133" 90.0022 54.7252 2.25882155939021 1.93947218888889 0.31934937050132 0.845353736207414 1.90119748612256 0.367819510855291 7 6 1 0.933012701892219 0.386972294346321 0.796781258066518 0.597900709529934
"X134" 126.4958 72.3738 0.564934454450148 0.716041931637712 -0.151107477187563 0.833825324205971 0.900850107599213 0.338436459969401 7 7 0 1 0.184356492542771 0.445184056259975 0.556611912317038
"X135" 129.168 62.255 1.56696408022766 1.292564646 0.274399434227662 0.830554377081086 1.50565710098718 0.361047676436435 7 6 1 0.933012701892219 0.150508562466192 0.405864233405285 0.533036568852551
"X136" 128.8878 71.5943 0.463594538658919 0.65633910779795 -0.192744569139031 0.852905524589945 0.722746566522797 0.550674307379703 7 7 0 1 0.156310492561095 0.637561945511075 0.470090103332164
"X137" 62.9405 67.0547 0.88467552004629 1.25153747166667 -0.366861951620376 0.823489770098202 0.63021191309481 0.716331234060719 7 7 0 1 0 0 NA
"X138" 30.4783 13.2829 1.13221137542064 2.89897322916667 -1.76676185374603 0.557512470704033 3.04262354109959 0.365605827365428 10 8 2 0.75 0.30267017496106 2.67929047237584 0.41187578831505
"X139" 19.0503 68.3542 0.886707636275868 2.20893488430556 -1.32222724802969 0.58535946505377 1.72215882278445 0.49782352141608 7 7 0 1 0.161289030753781 1.21828523563682 0.419954126579184
"X140" -15.4322 15.4028 2.12410910357223 3.30414254166667 -1.18003343809443 0.691004931307044 2.96472336947907 0.395104004889706 10 8 2 0.75 0.553125612546792 1.1780847506944 0.588318142646252
"X141" -99.42 36.4267 2.09069556994226 1.97013277083333 0.120562799108923 0.948283326797738 2.341787189487 0.356492705871812 6 5 1 0.933012701892219 1.12903809165698 1.68084737205863 0.720152475220754
"X142" -99.5975 36.6358 2.04780205663447 1.10696697708333 0.940835079551136 0.480158870001061 2.06478685318568 0.19987441304976 6 6 0 1 1.12004251334806 0.986895447448906 0.873790121723926
"X143" -98.0402 35.5497 2.81256760740057 3.19479065916667 -0.382223051766096 0.91398361861746 3.84948487502381 0.404202354058625 8 6 2 0.75 1.18297657044276 1.77107099966674 0.71744727538889
"X144" -98.04 35.5465 2.81261323271876 3.02002355416667 -0.207410321447908 0.941801018501006 2.89806332367928 0.432654739567771 8 6 2 0.75 1.18131606079709 1.08557379308124 0.915582247356019
"X145" -97.4888 36.6058 3.1343377324806 1.95266397808333 1.18167375439727 0.578364929802474 3.25735964655888 0.221051972709881 6 4 2 0.75 1.19969673152542 1.46384527968803 0.834895754734058
"X146" -157.4089 70.4696 0.242604110282267 0.635618924722222 -0.393014814439955 0.69708006817499 0.808122789979737 0.476162874711658 8 7 1 0.933012701892219 0.110355536450915 0.533541659347399 0.452411026558649
"X147" -120.6328 38.8953 1.10245570670595 4.42470704545455 -3.32225133874859 0.237814247931985 2.36178215276206 0.360220719625234 5 7 2 0.75 0.319753227639999 1.34942786940447 0.466244392077393
"X148" -109.39 38.09 0.685271774521392 0.296889266666667 0.388382507854725 0.346423407464567 0.57074505023307 0.210587565852426 8 5 3 0.5 0.203004851596521 0.250924198176136 0.826156212061709
"X149" -83.3471 41.6285 3.96556628447692 2.83020072 1.13536556447692 0.785399122927645 4.35625352317021 0.395799489870244 7 8 1 0.933012701892219 1.02981286941031 3.54660251062828 0.491824183931495
"X150" -106.2397 41.3658 0.93482432689349 1.27621908611111 -0.341394759217621 0.842154655792186 1.4438474980575 0.483573715617001 8 8 0 1 0.21307587897641 1.38681358812355 0.428975363511809
"X151" -106.2399 41.3665 1.00403088774493 1.895272255 -0.891241367255072 0.666100833758819 1.3549446856104 0.539174968024717 6 7 1 0.933012701892219 0.336686281143412 0.67765819840066 0.604615782633091
"X152" -89.8735 34.2547 5.80746984741475 3.63152837333333 2.17594147408142 0.456429379723799 2.5664291993409 0.396502408854442 6 6 0 1 1.3873304713083 1.47173791950779 0.944261415806405
"X153" -72.1715 42.5378 4.39447025168605 4.03430357547083 0.360166676215216 0.923708415094835 1.75474503789116 0.679336250994461 7 7 0 1 0.36912326247454 1.57827970602092 0.464811636515427
"X154" -88.241 41.8406 4.03008239572296 3.338320228125 0.691762167597955 0.836447495370635 2.23560579877169 0.561488463706903 7 6 1 0.933012701892219 1.46634196680571 1.50409804962733 0.975210297012155
"X155" -155.7503 68.4865 0.374373712429063 0.892237045833333 -0.517863333404271 0.698787836937819 0.970080125933558 0.511001430476017 8 7 1 0.933012701892219 0.14347218178474 0.319391309594083 0.576491333004159
"X156" -80.6709 28.4583 7.78167965913676 5.48826833333333 2.29341132580342 0.188091212353411 0.596474079187723 0.647554912607873 7 7 0 1 0 0 NA
"X157" -80.6715 28.6086 7.21614419114518 5.02031479166667 2.19582939947852 0.219662755585032 0.788211201155957 0.580387435868835 6 7 1 0.933012701892219 0.347875743785633 0.594147931421106 0.660672901818824
"X158" -119.8423 36.3566 1.23993591244527 2.754976875 -1.51504096255473 0.313118397634453 1.37188310149333 0.34942954895297 5 5 0 1 0.0620153105761724 0.95700260818215 0.392507988471697
"X159" -89.9792 46.0827 3.92313304054323 2.62842355209379 1.29470948844944 0.632111729985468 2.54327100914781 0.40615153782566 7 7 0 1 0.58491456016555 1.64134436330346 0.525378195562406
"X160" -97.9789 34.9604 3.30241362516907 1.40024041820833 1.90217320696074 0.422989795796772 1.37769756425339 0.536240822271187 6 6 0 1 1.04247806682366 1.36617611126716 0.789040779354538
"X161" -121.5 44.5794 2.02952420052219 1.72251745833333 0.307006742188853 0.729476017584856 0.786056949740243 0.445917791871164 6 6 0 1 0.226273392636737 0.512674969760508 0.571985508397159
"X162" -121.5574 44.4523 2.14917060692727 4.52351712820513 -2.37434652127786 0.377337362509899 1.62071877528845 0.514135484799792 6 6 0 1 0.431487234482603 0.917862295341796 0.588663941789035
"X163" -121.6078 44.3154 2.11620181848405 2.03543152777778 0.0807702907062757 0.940237544720629 0.797524578826614 0.544187266764239 6 6 0 1 0.425130114225492 0.423068182670922 0.995138100393418
"X164" -121.6224 44.4992 2.14044995439911 2.41278168333333 -0.272331728934228 0.851330945155001 1.68700576708734 0.368962842199315 6 6 0 1 0.41199204249917 1.44924446233566 0.48884029911127
"X165" -121.5668 44.4372 1.97310043135882 2.268259 -0.295158568641177 0.831849266679589 0.941393997318841 0.555886638590871 6 6 0 1 0.259885550423093 0.420252689399771 0.682770197259912
"X166" -121.6078 44.3233 2.21010563248603 2.37322743333333 -0.163121800847303 0.901390170037398 0.808559947526261 0.597740195282186 6 6 0 1 0.418758893106815 0.530797355492828 0.809712709785162
"X167" -86.4131 39.3232 4.54862337296418 4.47451559142708 0.0741077815370952 0.98493947130814 1.94478731257863 0.671504111355094 7 6 1 0.933012701892219 1.27385782828956 0.970877955638546 0.731931807352575
"X168" -121.7651 38.0498 1.65780156064653 3.770535784125 -2.11273422347847 0.575962012662662 4.08658337677643 0.343984363230427 5 7 2 0.75 0.387953002554646 2.4861081203746 0.430007909115617
"X169" -96.4766 41.1651 3.13062484552676 4.23736205769872 -1.10673721217196 0.857632262238503 5.62189318217476 0.458341981311766 7 7 0 1 1.77335057786322 2.69470206770916 0.710410581943178
"X170" -96.4701 41.1649 3.13144407325167 3.89964511519231 -0.768201041940637 0.889089233511753 5.19436242977752 0.451629832451982 7 7 0 1 1.77439401040596 3.07825152248401 0.654704809843534
"X171" -96.4397 41.1797 3.1327751000376 3.2209550635 -0.0881799634623968 0.98456285578447 4.35050711810591 0.464145435989402 7 7 0 1 1.77112300573526 2.62449172320316 0.722414789451585
"X172" -105.5464 40.0329 1.27384407410428 2.47646053948958 -1.20261646538531 0.628262744417917 1.49343331752406 0.561471626870811 8 7 1 0.933012701892219 0.368582575877811 0.450140171540188 0.834282950927593
"X173" -83.8438 41.5545 4.31325063788406 4.8346347775 -0.521384139615939 0.904598568504664 2.18180040835255 0.657330794629708 7 7 0 1 1.27990704043347 0.79655490375576 0.54509058314814
"X174" -83.0183 40.0201 3.39581433833186 2.61864891666667 0.777165421665195 0.73618995060401 1.24744216573457 0.611650136531585 7 6 1 0.933012701892219 0 0 NA
"X175" -147.4876 65.1237 1.70346502594638 0.93854885125 0.764916174696383 0.590741652582655 1.46417655917663 0.365104376403557 7 7 0 1 0.28055279770454 0.835272414129458 0.514727211489223
"X176" -110.8395 31.9083 0.986128989333413 0.532349386904762 0.453779602428651 0.363186291516993 0.618082261261114 0.251688238195887 9 8 1 0.933012701892219 0.44146932789574 0.36698958288759 0.81632081547487
"X177" -110.8277 31.7894 1.03266758844211 1.15145152440476 -0.118783935962651 0.924572652452668 1.35604345215063 0.408489803814822 9 8 1 0.933012701892219 0.446343425128814 0.859091932398427 0.618506594207133
"X178" -110.8661 31.8214 0.949046143555073 0.947373772242424 0.00167237131264919 0.998442158829324 0.93390755328911 0.418688340266389 9 8 1 0.933012701892219 0.407696232411362 0.532944503686446 0.790561485103807
"X179" -89.3477 46.242 3.82576462263111 2.89747725848485 0.92828736414626 0.757276372748884 2.24757754185917 0.510093402653808 7 7 0 1 0.466362289365741 1.74701852042272 0.480440223064294
"X180" -120.966 38.4316 1.27232134043121 2.339846 -1.06752465956879 0.55566075593301 1.29105044630092 0.491333299822994 5 4 1 0.933012701892219 0.342376797639714 0.783327897440434 0.569543450023895
"X181" -121.6469 38.1074 1.55467991136542 6.27547577777778 -4.72079586641236 0.319547202822539 4.390297934136 0.346116258345745 4 7 3 0.5 0.336007237019954 2.10132633460135 0.431668413737762
"X182" -121.6433 38.1047 1.46906579609562 2.22802575 -0.758959953904376 0.797114334176116 3.62988136515304 0.338066547106699 4 8 4 0.25 0.206428422424129 2.4479367909597 0.400247374551589
"X183" -121.6467 38.1159 1.58197733936945 7.90627916666667 -6.32430182729722 0.20211934803816 3.57002944028724 0.405527143766919 4 4 0 1 0.376174611443455 2.23520510987247 0.43530660519774
"X184" -121.6414 38.103 1.58053305296763 0.971328783333333 0.609204269634293 0.655029758762236 1.97412996327114 0.25385914140032 4 8 4 0.25 0.375990401519103 1.11030541699805 0.516147302312937
"X185" -121.653 38.1087 1.62542395686553 3.35793150375 -1.73250754688447 0.680129237851077 4.9898181997442 0.329491623028049 5 7 2 0.75 0.35504681253698 1.47191867033717 0.468234335069889
"X186" -84.7138 45.5598 NA NA NA NA NA NA NA NA NA NA NA NA NA
"X187" -84.6975 45.5625 NA NA NA NA NA NA NA NA NA NA NA NA NA
"X188" -120.9507 38.4133 1.27247479228221 1.88387197235 -0.611397180067786 0.767956335299143 1.8370600307947 0.45234689765291 5 4 1 0.933012701892219 0.33947208735166 1.16960332649974 0.491764904642653
"X189" -90.0799 45.8059 3.86563348717314 3.1947735790641 0.670859908109036 0.860809015910405 1.9480252906815 0.647118930630793 7 7 0 1 0.558900644996277 1.75206996074368 0.506107834569662
"X190" -110.0522 31.7438 1.23199570651128 0.486606949864583 0.745388756646699 0.374373876534811 0.691413956606466 0.401978818699784 8 8 0 1 0.485705161116046 0.42793441372622 0.873716725232823
"X191" -91.0814 46.6188 3.84636545356869 3.79765241666667 0.0487130369020203 0.981732513574976 3.23241275033448 0.294237052828412 7 7 0 1 0 0 NA
"X192" -91.2329 46.7305 3.53116685235581 4.13844266666667 -0.607275814310853 0.879650381992794 1.60783012851855 0.712122645182006 7 7 0 1 0 0 NA
"X193" -91.1528 46.6869 3.55092595211372 3.7995725 -0.248646547886285 0.820151564688343 3.08845103237615 0.08520686583834 7 6 1 0.933012701892219 0 0 NA
"X194" -91.0987 46.6347 3.97427674486131 3.3508051 0.62347164486131 0.834128232508415 1.38794407866038 0.667808751487001 7 7 0 1 0.336969277245085 0.39569792627139 0.862070793838664
"X195" -91.1663 46.7393 3.7116833792664 4.969153125 -1.2574697457336 0.600416874164846 2.36138875922997 0.383671102594529 7 7 0 1 0.388339444726213 0.996297220670692 0.543232824871725
"X196" -91.0858 46.6531 4.10385734523199 3.01546533333333 1.08839201189866 0.691880163277243 1.84431961248049 0.535706038203237 7 7 0 1 0 0 NA
"X197" -91.2982 46.6249 3.68105180863424 1.32136156666667 2.35969024196757 0.209720689271889 2.91989303093727 0.144742267567646 7 7 0 1 0.25644659878074 0.84771068090824 0.497836611094824
"X198" -91.0693 46.6491 3.44821265435059 2.80264833333333 0.645564321017261 0.701272822143224 2.33819330250321 0.27657470127616 7 7 0 1 0 0 NA
"X199" -91.2524 46.7223 3.80404630337277 2.02324533333333 1.78080097003944 0.490826695946323 1.90949018772508 0.466222430123844 7 7 0 1 0 0 NA
"X200" -91.0814 46.6188 3.7811761293204 2.72015620833333 1.06101992098706 0.60900188826044 3.31976089191137 0.211887979963992 7 7 0 1 0.443913496879884 1.18317974796873 0.535361457911636
"X201" -109.9419 31.7365 1.22118122821146 0.784434413584848 0.436746814626612 0.646228273689781 0.841608992202848 0.431136365282988 8 8 0 1 0.479846851240919 0.568850835726738 0.855163344301902
"X202" -82.9962 41.4646 3.95377015194584 1.81885632063889 2.13491383130695 0.417209831260056 2.15842552547024 0.413212564035124 7 7 0 1 1.11586877688501 0.437106275144793 0.211642949053751
"X203" 31.4969 -25.0197 4.41974077588099 2.70053411577381 1.71920666010718 0.526426575029114 2.77413767536872 0.35509658787503 1 1 0 1 1.22383920840457 2.11071028366307 0.656930794134111
"X204" 23.2528 -15.4378 4.13477548792146 3.7833353125 0.351440175421458 0.886313295706547 1.98234414008037 0.506243114139869 2 1 1 0.933012701892219 0.217092544360056 1.77204159867377 0.415825260668461
