"lon" "lat" "mod.mean" "ref.mean" "bias" "bias.score" "crmse" "rmse.score" "mod.max.month" "ref.max.month" "phase" "phase.score" "mod.iav" "ref.iav" "iav.score"
"X1" -66.4598 -33.4648 35.1307970116274 46.6327607142857 -11.5019637026583 0.55593679866432 21.0983858003625 0.340637716011778 1 2 1 0.933012701892219 4.43470608308195 17.5369351722734 0.473728008595463
"X2" -56.1886 -28.2395 NA NA NA NA NA NA NA NA NA NA NA NA NA
"X3" 11.3175 47.1167 39.1285921916881 43.8209464121212 -4.69235422043315 0.885444251907561 16.7011663966015 0.648536848207896 7 7 0 1 5.94927444096846 8.7576459620682 0.72565794135494
"X4" 131.1178 -13.0769 73.1405352819888 69.9870933333333 3.1534419486555 0.927903548477512 34.574834171917 0.440246559707447 1 12 1 0.933012701892219 6.78120252995513 27.6220429458159 0.470245525354988
"X5" 133.249 -22.283 24.0229108004391 31.4350052666667 -7.41209446622753 0.782873011941337 30.2087213903353 0.368747009102426 2 2 0 1 10.7139886159033 25.2154235928651 0.562647599948989
"X6" 140.5891 -34.0021 24.2070467819294 29.1667913793103 -4.95974459738092 0.700946831795358 22.8082084466707 0.195144907925106 10 3 5 0.0669872981077806 12.1523534214942 11.1581983627209 0.914757406865245
"X7" 150.7236 -33.6152 55.7819425968766 65.1826583333333 -9.40071573645675 0.583891738472021 16.6514869107011 0.385571103680974 1 12 1 0.933012701892219 10.7124685118987 11.1300262012769 0.963178692908248
"X8" 131.3181 -14.0633 59.5781480556574 57.8100139285714 1.76813412708599 0.964345382292327 34.4080552350332 0.49336123810861 2 3 1 0.933012701892219 11.3436788216968 29.6102472308916 0.53961452723974
"X9" 131.3881 -14.1593 57.6734844500868 75.4264952380952 -17.7530107880084 0.56933256934068 27.0601785027668 0.423754748228481 2 1 1 0.933012701892219 11.5441285514155 13.9458960106366 0.841793641331929
"X10" 132.3706 -15.2588 53.5772552432638 72.8742880952381 -19.2970328519743 0.606022363655616 36.7155405150866 0.385612914227335 2 3 1 0.933012701892219 12.3695147179131 27.8110299243103 0.573940300401198
"X11" 148.4746 -23.8587 45.1099707174503 41.9174694444444 3.19250127300582 0.832730635261175 27.1915961673518 0.210334600355791 2 11 3 0.5 11.7913787695396 12.9638725633685 0.913526243632181
"X12" 131.3072 -12.5452 67.9225160881559 124.967602857143 -57.045086768987 0.158358515076021 46.0770101940474 0.225697429928931 1 2 1 0.933012701892219 10.1637931541664 19.1281093947637 0.625848954319982
"X13" 115.7138 -31.3764 27.5667187863985 53.5888041666667 -26.0220853802681 0.1612358437285 13.7698888932804 0.380731747621817 9 11 2 0.75 6.44613519213933 8.87868156001591 0.760350262750515
"X14" 120.6541 -30.1913 27.7855473527908 30.2443636363636 -2.4588162835728 0.81504655032065 15.4415051473994 0.276834709258341 8 1 5 0.0669872981077806 8.1952592916472 6.98587938316547 0.841038554100342
"X15" 131.1523 -12.4943 67.5191501641276 93.5859507575758 -26.0668005934482 0.428941566383429 30.2482181263093 0.37448163559845 1 2 1 0.933012701892219 11.2893200983409 18.0263542107957 0.688160982204401
"X16" 140.6551 -34.4704 24.0104626058346 97.9042944444444 -73.8938318386098 0.406924639153289 72.887175746476 0.411939635347429 10 12 2 0.75 4.38670320505457 51.9124940403079 0.400317169374354
"X17" 132.4776 -14.5636 55.4278408636756 63.8478221875 -8.41998132382439 0.825136331624439 35.2059734084525 0.447686350657657 2 12 2 0.75 10.5299228539942 27.9858465501114 0.535935674604584
"X18" 145.5759 -36.6499 46.7914674025487 46.4645063829787 0.32696101956995 0.986408172193347 31.5285030265847 0.267233075494634 12 9 3 0.5 11.1805579988796 18.5962364957878 0.671142980090204
"X19" 145.6301 -17.1175 65.8830828629862 104.746733333333 -38.8636504703471 0.0393134443288816 19.6398812776935 0.194870653536898 1 2 1 0.933012701892219 0 0 NA
"X20" 133.3502 -17.1507 44.1641557944105 40.9855542857143 3.17860150869618 0.921575305819935 33.7772090157478 0.419845096865348 2 3 1 0.933012701892219 12.8565720077198 25.0937142212204 0.614063049153752
"X21" 133.64 -22.287 25.4156033705287 15.1909878611111 10.2246155094176 0.635503098768499 21.2937074804581 0.389022162158384 2 12 2 0.75 9.47126840495649 17.091623407149 0.640277757453769
"X22" 148.1517 -35.6566 48.9913174585859 66.254694047619 -17.2633765890331 0.624325781884312 25.3349268095735 0.500904710330439 11 1 2 0.75 10.4371812828875 15.3666572753321 0.72557532232405
"X23" 145.1878 -37.4259 46.4885891180816 40.3629058333333 6.12568328474828 0.775004696044309 17.3726850775741 0.485358481105628 11 12 1 0.933012701892219 8.68698187397253 8.81669333179579 0.985395663023715
"X24" 145.0294 -36.6732 43.5560495477848 47.9269333333333 -4.37088378554858 0.761332352377291 20.4274297184215 0.279598344131544 1 12 1 0.933012701892219 11.0261814314061 13.1646843839866 0.850065050883233
"X25" 144.0944 -37.4222 45.099522277811 78.1858466666667 -33.0863243888557 0.321128240495542 22.9701164887568 0.454477624168176 11 1 2 0.75 10.720156279502 11.5779658524227 0.928588270905936
"X26" 146.2907 -34.9893 39.9031970858945 24.75333 15.1498670858945 0.142061688591321 22.146876872818 0.0576827582470227 12 8 4 0.25 13.9707486589448 5.78244324996412 0.242667458901461
"X27" 4.5198 51.3076 35.994900787933 28.4436138460088 7.55128694192425 0.770399121122814 19.7124947689704 0.506143469079131 7 7 0 1 8.84221101574338 14.2560778863944 0.68402657609035
"X28" 4.7461 50.5516 35.3836059176768 42.3509360901515 -6.96733017247475 0.819478789576105 22.0134610154778 0.533114098022104 7 6 1 0.933012701892219 7.74302788222514 15.7508634547371 0.601453452359979
"X29" 5.9981 50.305 36.8341056911176 37.0442075042982 -0.210101813180621 0.993824230186747 19.2601100493293 0.566719691790011 7 7 0 1 7.78328937827108 16.2817788590049 0.59335452704137
"X30" -54.9589 -2.8567 NA NA NA NA NA NA NA NA NA NA NA NA NA
"X31" -54.9714 -3.018 86.7532723942679 101.742611864407 -14.9893394701389 0.30020407983202 16.02080310865 0.276347780233526 1 8 5 0.0669872981077806 3.8489519194367 8.68202838927993 0.573110946060089
"X32" -82.1556 48.2167 28.4065037256883 37.73253375 -9.32603002431166 0.74334412277009 16.469702742453 0.592273498111434 7 7 0 1 4.09139153303478 13.0030374708207 0.503913278288892
"X33" -98.4808 55.8796 NA NA NA NA NA NA NA NA NA NA NA NA NA
"X34" -98.4839 55.8792 NA NA NA NA NA NA NA NA NA NA NA NA NA
"X35" -98.5247 55.9058 NA NA NA NA NA NA NA NA NA NA NA NA NA
"X36" -98.3822 55.9117 NA NA NA NA NA NA NA NA NA NA NA NA NA
"X37" -98.3806 55.9144 NA NA NA NA NA NA NA NA NA NA NA NA NA
"X38" -98.485 55.8631 NA NA NA NA NA NA NA NA NA NA NA NA NA
"X39" -98.9644 55.9167 NA NA NA NA NA NA NA NA NA NA NA NA NA
"X40" -99.9483 56.6358 NA NA NA NA NA NA NA NA NA NA NA NA NA
"X41" -106.1978 53.6289 NA NA NA NA NA NA NA NA NA NA NA NA NA
"X42" -105.1178 53.9872 31.8896714659383 35.468609375 -3.57893790906168 0.736722331954955 22.5245645721995 0.146169730502578 7 7 0 1 3.82736925190194 8.76605875752705 0.569277264368072
"X43" -74.3421 49.6925 27.2982701330891 29.7394934375 -2.44122330441085 0.895758232254452 11.0736754575518 0.606920621542316 7 7 0 1 3.06307927760331 8.44628307167483 0.528693775451291
"X44" -105.8176 54.485 28.0430334820367 42.4284704166667 -14.38543693463 0.667431970617884 25.5080151724332 0.488249100610146 6 7 1 0.933012701892219 4.24026182856327 22.748738528966 0.443257448809349
"X45" -105.8775 54.2539 28.0599983502165 39.3865546666667 -11.3265563164502 0.756643438840663 30.8021786778859 0.468434629493996 7 7 0 1 3.40335109133337 28.237553353828 0.41500102342645
"X46" -106.0053 54.0916 28.1386291202556 26.9670931830986 1.17153593715698 0.95656247895524 11.2789620708601 0.652105255221752 7 7 0 1 4.11027770604542 8.0331766491785 0.613645920479054
"X47" -80.5595 42.6609 42.6793614443218 30.2395670512821 12.4397943930398 0.561709749822862 18.0553790028347 0.432948658101963 7 8 1 0.933012701892219 7.40449086049782 12.4016080846136 0.668351484505087
"X48" -80.4588 42.7744 42.0731927487227 77.8185183098592 -35.7453255611365 0.443582689869606 27.0299728155163 0.540814751655373 7 6 1 0.933012701892219 5.92372420316323 22.8360711478068 0.476828721672163
"X49" -80.3483 42.7068 42.3121052126179 41.6500669230769 0.662038289540966 0.976701258858358 15.7104575722029 0.571533641568766 7 6 1 0.933012701892219 7.39384529206816 13.3562288374656 0.639919940468538
"X50" -80.3574 42.7102 42.3141919704417 47.3506428205128 -5.03645085007116 0.860906465861567 17.9869902555456 0.585739089330017 7 7 0 1 7.39722315361201 14.0718936033618 0.622304107507892
"X51" -80.5577 42.6353 45.5113220971212 52.1357472727273 -6.62442517560603 0.852687364657438 21.0332166566804 0.602907569825039 7 7 0 1 7.66918234377667 6.58168375267624 0.847697811362665
"X52" 11.6564 -4.2892 NA NA NA NA NA NA NA NA NA NA NA NA NA
"X53" 8.4104 47.2102 38.7656228179923 62.3445241666667 -23.5789013486744 0.585740106564541 27.3496673182276 0.537719842668847 7 7 0 1 4.97884212035076 21.6476914429401 0.463010353863699
"X54" 9.8559 46.8153 39.334692107596 55.0270769607843 -15.6923848531883 0.651899000013906 17.4126120175302 0.622028709935353 7 6 1 0.933012701892219 4.79378953689572 14.3985442142932 0.513213012843101
"X55" 8.5378 47.1158 38.6428040255021 58.8505371666667 -20.2077331411646 0.620336985445789 26.4091283322064 0.535782819958508 7 7 0 1 4.79596159660975 23.3820837288922 0.451632116921621
"X56" 7.7319 47.2858 NA NA NA NA NA NA NA NA NA NA NA NA NA
"X57" 128.0958 42.4025 NA NA NA NA NA NA NA NA NA NA NA NA NA
"X58" 123.5092 44.5934 34.2663588470499 36.7073080434783 -2.44094919642841 0.926621298035938 14.5615252754581 0.634680213140228 7 7 0 1 7.08145186563867 7.54261282696799 0.940690833695161
"X59" 91.0664 30.4978 NA NA NA NA NA NA NA NA NA NA NA NA NA
"X60" 112.5361 23.1733 NA NA NA NA NA NA NA NA NA NA NA NA NA
"X61" 116.2836 42.0467 30.7257947984853 37.209568 -6.48377320151473 0.817859010732593 13.4104281837995 0.659769574018079 7 7 0 1 0 0 NA
"X62" 116.2809 42.0551 21.0922401665741 60.24378 -39.1515398334259 0.405231325795553 35.990789032065 0.435886699469857 8 7 1 0.933012701892219 0.708751970544125 28.4976417945356 0.377143528450774
"X63" 101.3269 37.6086 NA NA NA NA NA NA NA NA NA NA NA NA NA
"X64" 101.18 37.37 19.9824669893261 42.1061683333333 -22.1237013440072 0.543722247571426 20.3751438086126 0.570547364067135 7 7 0 1 4.32354081092558 5.48922715540681 0.808674396923474
"X65" 115.0581 26.7414 NA NA NA NA NA NA NA NA NA NA NA NA NA
"X66" 111.8971 41.7902 NA NA NA NA NA NA NA NA NA NA NA NA NA
"X67" 18.5369 49.5021 NA NA NA NA NA NA NA NA NA NA NA NA NA
"X68" 18.5429 49.4944 NA NA NA NA NA NA NA NA NA NA NA NA NA
"X69" 14.7704 49.0247 38.7084098186004 47.4052240277778 -8.69681420917735 0.793619866702983 14.2469595440919 0.684773763501755 7 7 0 1 6.27568756400291 10.8593191667154 0.655673723271269
"X70" 13.6834 53.8662 NA NA NA NA NA NA NA NA NA NA NA NA NA
"X71" 10.9143 51.1001 32.3249562783486 32.1794782994048 0.145477978943795 0.995475927721749 18.0334813373032 0.570023685267149 7 6 1 0.933012701892219 5.18232653543749 13.6765252622441 0.537364462074374
"X72" 13.5126 50.95 32.7061855208414 47.5459958034848 -14.8398102826435 0.681555595211444 19.9781973320421 0.596829052436999 7 7 0 1 5.99716704934968 10.1113240491562 0.665720025212986
"X73" 10.453 51.0792 33.1005576198341 27.5428936236601 5.55766399617398 0.845278666101102 22.0186509963889 0.513788434796098 7 7 0 1 6.18018958763916 19.881293119849 0.502004852913976
"X74" 13.5224 50.8931 32.9427743320306 38.356294389313 -5.41352005728238 0.850995003649886 19.6268269142379 0.55712026058415 7 6 1 0.933012701892219 6.01375522958376 17.259988391257 0.521222503900567
"X75" 13.3047 49.0996 40.3214839520831 28.8594448166667 11.4620391354164 0.65547737397159 13.3746488259593 0.610868403258819 7 6 1 0.933012701892219 7.31982308147825 10.4800863887179 0.739671317819883
"X76" 10.3678 51.3282 31.9843709527239 23.5970931424242 8.38727781029967 0.778914875845965 25.6669851198146 0.46551600682941 7 7 0 1 5.16900951648698 23.9155018500974 0.456638312559982
"X77" 13.7213 50.7867 33.2239050371369 36.5911993214286 -3.36729428429167 0.899870527231505 13.6943819081958 0.651111956188161 7 7 0 1 6.35592446906274 8.90085446320299 0.751322914683652
"X78" 6.3041 50.6219 35.4233109568924 56.114875 -20.6915640431076 0.496746134226773 16.2829150735121 0.576603949114672 7 7 0 1 7.65247363985995 13.0534649216986 0.66116013547893
"X79" 6.4472 50.8659 35.9952423909512 63.9553727272727 -27.9601303363215 0.41410785386822 17.4041127244707 0.577653972378645 7 6 1 0.933012701892219 8.05548415998506 14.3235857097027 0.645579437706461
"X80" 6.4497 50.8706 38.8244753040084 35.5158031333333 3.30867217067507 0.908196337019071 23.2507907553088 0.508299376828506 6 6 0 1 5.58017922342473 15.9339336833523 0.522153986105877
"X81" 11.3275 47.8064 40.2339293185258 69.3055705714286 -29.0716412529028 0.597877777932215 53.1458468183234 0.390503839135311 7 6 1 0.933012701892219 5.37595858916017 47.0512790044008 0.41240782113441
"X82" 14.0337 51.8923 NA NA NA NA NA NA NA NA NA NA NA NA NA
"X83" 13.5652 50.9624 32.8727970342712 34.9776507807018 -2.10485374643059 0.925398543322615 10.9807322442232 0.667332144770497 7 7 0 1 6.36330566903587 9.00808440003082 0.745574235323712
"X84" 12.889 53.8759 27.9846987810202 72.3407982083333 -44.3560994273131 0.451304611339959 44.8470293212158 0.447347968128865 7 7 0 1 5.11312850965836 33.0740139207948 0.429384089065773
"X85" 12.1918 55.6905 29.5195620661864 37.0016960465116 -7.48213398032523 0.745686715141867 14.3876112798035 0.568767845809671 7 6 1 0.933012701892219 4.81887975183793 9.86322416224683 0.59963774663002
"X86" 9.5872 56.4842 34.3946528598238 30.36356597 4.0310868898238 0.862287283770756 20.0685475636805 0.478241079956855 8 8 0 1 0 0 NA
"X87" -51.3861 64.1308 NA NA NA NA NA NA NA NA NA NA NA NA NA
"X88" 11.6446 55.4859 29.5783692431344 39.8021733196429 -10.2238040765084 0.782350283248643 25.7003762492797 0.539553316975868 7 7 0 1 7.10536770420076 14.1549964475346 0.607726021789191
"X89" -20.5545 74.4814 3.20387733337907 12.2474527655 -9.04357543212093 0.502061817715414 8.96413928228456 0.505109639128981 8 7 1 0.933012701892219 2.79717749163438 4.45884061247507 0.68889453995801
"X90" -20.5503 74.4733 NA NA NA NA NA NA NA NA NA NA NA NA NA
"X91" -2.2523 36.8336 22.0537965660611 12.2846547222222 9.76914184383887 0.283073780506885 12.5951198071978 0.196493136142212 5 3 2 0.75 6.41709345516095 6.976850523991 0.922903478449119
"X92" -2.9658 37.0979 23.776679050576 37.5933526666667 -13.8166736160907 0.445005014643937 15.8814641818727 0.394290099989324 5 6 1 0.933012701892219 5.64307607515972 8.34186771122218 0.723594832010578
"X93" -2.7521 36.9266 24.9057394886849 26.8096615833333 -1.9039220946484 0.887794498857234 14.703795787106 0.398861694646584 5 6 1 0.933012701892219 7.37490923678512 10.3195610848132 0.751753638305389
"X94" 24.2948 61.8474 24.634859779659 29.1097811870504 -4.47492140739134 0.846591520572932 9.86706151285451 0.692665005279294 7 7 0 1 4.74345737848122 5.28215229040659 0.903044018594516
"X95" 23.5135 60.8986 26.305690588952 28.5549954209302 -2.24930483197823 0.936440917125486 19.7011646234963 0.562604182810205 7 7 0 1 4.40619093673363 13.466587697669 0.510274896859593
"X96" 23.9595 60.6418 25.3856814834618 25.9885179541667 -0.602836470704887 0.97639070907724 16.7116820541277 0.51564295695935 6 7 1 0.933012701892219 4.59841305230742 12.5624993590404 0.530488419119704
"X97" 24.2092 67.9972 17.2254751012844 17.9149307878788 -0.689455686594364 0.969062086745841 9.96741096195905 0.634871904375652 7 7 0 1 2.45211387168369 4.61010818493366 0.626190538514709
"X98" 26.6386 67.3624 19.2707465945234 19.2237913308475 0.0469552636759367 0.997993191235078 9.5270010005 0.665257486161159 7 7 0 1 3.20657964001761 8.92940433680683 0.526819876314018
"X99" 2.7801 48.4764 NA NA NA NA NA NA NA NA NA NA NA NA NA
"X100" 1.9519 48.8442 34.5776745758047 39.1510740151515 -4.57339943934683 0.865075544918387 23.2616926512855 0.478451351431061 7 6 1 0.933012701892219 7.24710600577 17.9345534483141 0.551058792164844
"X101" -0.7693 44.7171 41.9106333817973 57.2296844805195 -15.3190510987221 0.606226134038209 23.4869355944375 0.464235947382133 5 6 1 0.933012701892219 7.16214198155035 20.2985480870816 0.523530552730605
"X102" 3.5957 43.7413 40.4791696807424 40.6977681343284 -0.218598453585912 0.9915985075886 18.6233056394318 0.487345713860504 6 6 0 1 6.7558300579391 13.7813384822881 0.600625187968831
"X103" -52.9249 5.2788 NA NA NA NA NA NA NA NA NA NA NA NA NA
"X104" -2.6942 5.2685 72.3601041524158 76.3209288888889 -3.96082473647306 0.878162341176926 30.5940457899057 0.366574939311737 5 4 1 0.933012701892219 8.0476059681976 25.8591120739043 0.502183182244494
"X105" 14.9574 40.5238 39.4804197149905 62.9267620689655 -23.446342353975 0.430292711739744 22.8752741501819 0.439222092198181 6 7 1 0.933012701892219 6.15953296354965 13.4628331691629 0.58130558430056
"X106" 12.0266 42.3804 48.8255995241164 72.20742 -23.3818204758836 0.458905059965021 27.519134602171 0.399821492826866 6 6 0 1 4.61705288525144 22.7413038450452 0.450690235630477
"X107" 12.026 42.3772 40.9838844101319 43.8254708333333 -2.8415864232014 0.830923362304587 17.7652142358134 0.314127570678887 6 4 2 0.75 4.84276986653005 10.6321968839249 0.580121092484656
"X108" 12.0222 42.38 40.4808253870329 38.3735147619048 2.10731062512817 0.947902358980721 31.718562233324 0.446944128864663 6 6 0 1 7.19759581213179 26.2363569377704 0.484003427227948
"X109" 13.5881 41.8494 44.4281296774296 40.9028748114035 3.52525486602609 0.910496953794075 31.38077217842 0.434019529280988 6 7 1 0.933012701892219 8.75594011333713 20.5498383072864 0.563314700340099
"X110" 12.3573 41.7043 40.1247122384275 39.7662448148148 0.35846742361268 0.987088992532885 26.917910350251 0.376882458655532 6 3 3 0.5 4.04653055849102 16.2038060241784 0.472237692712825
"X111" 12.3761 41.7053 41.6343427974811 43.3339142948718 -1.69957149739066 0.917274167675627 16.2236346823699 0.438558454404092 6 6 0 1 7.51800614407684 15.2262940499429 0.602752593321875
"X112" 8.6336 45.8126 39.8951949867502 69.1071613636364 -29.2119663768862 0.59697163610257 33.843668517284 0.550085306513536 6 7 1 0.933012701892219 2.03100019276655 8.83687171273142 0.46293551356093
"X113" 11.2853 45.9542 NA NA NA NA NA NA NA NA NA NA NA NA NA
"X114" 11.2813 45.9562 39.0608028451914 47.3698713194444 -8.30906847425303 0.70241896693915 12.6847207500756 0.583192616916849 7 7 0 1 6.36857396104803 6.45261358433904 0.987060325361155
"X115" 11.0458 46.0147 38.7340511956554 43.6915294015152 -4.95747820585972 0.882667633298461 15.7481701133679 0.672692698411675 7 7 0 1 6.39523821988807 8.54036495444009 0.777886177901393
"X116" 8.1512 40.6062 41.4378045461373 36.6614438636364 4.77636068250091 0.710502003977165 20.0058166239306 0.23893532377792 6 5 1 0.933012701892219 7.32320129971582 9.9415510883408 0.768454154649864
"X117" 9.061 45.2009 41.9752936181616 62.1977051428571 -20.2224115246955 0.712599593881541 40.3395137738357 0.508694984223634 7 6 1 0.933012701892219 4.32123559955735 13.7760773011642 0.503423649537042
"X118" 11.4337 46.5869 39.8255474747519 29.4388121941588 10.3867352805931 0.714277646589263 21.1401287266849 0.5041682994163 7 7 0 1 6.04488191252668 18.8207157660215 0.507216350450462
"X119" 11.93 42.4081 NA NA NA NA NA NA NA NA NA NA NA NA NA
"X120" 11.9209 42.3903 40.8528896867297 47.8731019618321 -7.02021227510234 0.860073258933139 36.3398112611933 0.458274500075754 6 6 0 1 7.19053074807137 25.7198498353897 0.486543609063723
"X121" 10.291 43.732 43.1950150316151 58.434515 -15.2394999683849 0.562388653739687 15.6007986140238 0.554766728882484 6 6 0 1 6.00363417415425 7.62227491586337 0.808676234382246
"X122" 10.2844 43.7279 40.0061328582947 57.6255597122302 -17.6194268539355 0.608191934780135 26.90259447059 0.468012992833433 6 5 1 0.933012701892219 6.46904485654387 23.1927388701461 0.486229491587903
"X123" 7.5781 45.8444 38.3033076939653 52.7833117857143 -14.4800040917489 0.808356953551091 59.934763480742 0.414530628106167 7 5 2 0.75 4.18996999690644 56.8017393539351 0.396041933186957
"X124" 102.3062 2.973 90.8357072916966 98.9528035714286 -8.11709627973198 0.323165025810487 10.4265577916326 0.23434012670681 4 4 0 1 6.95319618111415 5.87508830388407 0.832347742603423
"X125" 5.0713 52.2404 33.1985193110734 46.0614014583333 -12.8628821472599 0.748412737329962 40.2827779506982 0.403503236723857 6 6 0 1 8.26422255542101 35.0594954027859 0.465669069456024
"X126" 5.7436 52.1666 34.1882235893309 54.2003876315789 -20.0121640422481 0.478405128427095 18.8650902611774 0.499056313762347 7 7 0 1 9.49272689267219 13.6548434954278 0.73726431814913
"X127" 15.923 78.186 NA NA NA NA NA NA NA NA NA NA NA NA NA
"X128" -79.6346 9.3181 NA NA NA NA NA NA NA NA NA NA NA NA NA
"X129" -79.6314 9.3138 NA NA NA NA NA NA NA NA NA NA NA NA NA
"X130" 161.3414 68.613 NA NA NA NA NA NA NA NA NA NA NA NA NA
"X131" 147.4943 70.8291 11.1301785487589 30.7574523524194 -19.6272738036605 0.463457101092553 21.8225360650356 0.425259016135112 7 7 0 1 3.85842968157213 20.7146675415366 0.443199879989659
"X132" 32.9221 56.4615 31.2886264311602 32.6614210928922 -1.37279466173191 0.959200190798902 15.2988435850235 0.628624381122788 7 7 0 1 5.840754785428 12.4253872061407 0.588643947887903
"X133" 90.0022 54.7252 34.138129424362 48.546786 -14.408656575638 0.603735120817314 22.0753333457321 0.461569823851961 6 6 0 1 3.39607472261747 12.1511778980487 0.486501753901304
"X134" 126.4958 72.3738 NA NA NA NA NA NA NA NA NA NA NA NA NA
"X135" 129.168 62.255 19.6320649204883 29.561601234375 -9.92953631388666 0.719951142019748 9.30494003605786 0.734986011352535 7 7 0 1 2.25802810885989 4.99344210534567 0.578219754818258
"X136" 128.8878 71.5943 13.0841835735443 11.0882621716667 1.99592140187765 0.903010727232798 23.178263339086 0.305822908174633 7 7 0 1 2.40627164923784 15.2030753571549 0.430966603530553
"X137" 62.9405 67.0547 26.2224561666275 25.5817633333333 0.64069283329421 0.969017039385467 12.045525993005 0.553375462028976 7 7 0 1 0 0 NA
"X138" 30.4783 13.2829 26.9725448028574 46.1278653333333 -19.155320530476 0.547212386478325 26.9743482221667 0.427832277140314 8 9 1 0.933012701892219 6.91790833029571 24.4873071017163 0.487975522777607
"X139" 19.0503 68.3542 NA NA NA NA NA NA NA NA NA NA NA NA NA
"X140" -15.4322 15.4028 27.9791164129488 59.3875157777778 -31.408399364829 0.490659121333952 40.464361534997 0.399597397862988 9 8 1 0.933012701892219 6.1936861744165 36.5081877816084 0.43589755683538
"X141" -99.42 36.4267 44.6015430932274 38.0610019148936 6.54054117833383 0.786744972395557 22.7653509506504 0.433944581616374 6 6 0 1 9.95418206146979 17.1087697731459 0.658242103824066
"X142" -99.5975 36.6358 45.5721846240819 33.3049577272727 12.2672268968092 0.524041283679319 21.3045198031372 0.325552813310027 6 6 0 1 9.29515078268381 12.3699537716279 0.779915039144156
"X143" -98.0402 35.5497 56.8763506160805 52.0991526086957 4.77719800738486 0.891029217122321 21.6822006407584 0.592345758720023 7 6 1 0.933012701892219 8.03599191132047 10.6272272073641 0.783620950115381
"X144" -98.04 35.5465 56.8758593765006 54.8969195652174 1.97893981128318 0.955187366154513 22.096026823736 0.599345390422763 7 6 1 0.933012701892219 8.03823320220102 9.33876431791852 0.870000420108842
"X145" -97.4888 36.6058 53.4961929307973 47.1963039166667 6.29988901413063 0.806010818722128 26.6337567599282 0.401829228601563 6 4 2 0.75 10.1401125269072 17.9091089262745 0.648040948182547
"X146" -157.4089 70.4696 10.2048354230669 14.40785756535 -4.20302214228314 0.825791615800996 9.41787855497668 0.651220945459874 6 6 0 1 4.01302213080907 5.15913925486393 0.800793010425173
"X147" -120.6328 38.8953 22.2257242298814 62.5995103030303 -40.3737860731489 0.357492732332156 39.3227362650806 0.367195204762485 4 7 3 0.5 6.82828834373872 19.2704296458929 0.524316496153018
"X148" -109.39 38.09 21.7112177535218 15.0010561904762 6.7101615630456 0.48472421771517 11.8961514005313 0.276966579573718 8 5 3 0.5 6.71030941672716 7.64476232124246 0.884940917624031
"X149" -83.3471 41.6285 44.6365355673033 75.5582883333333 -30.92175276603 0.478704150426091 25.9729394957015 0.538604815722787 7 8 1 0.933012701892219 4.06472476461506 22.0369659569973 0.442396071025841
"X150" -106.2397 41.3658 25.5329120264802 46.5457972340426 -21.0128852075624 0.468950814489001 20.4963487827296 0.477762003249701 6 7 1 0.933012701892219 4.98072321614735 18.0812765605271 0.484548877379617
"X151" -106.2399 41.3665 26.8534844233046 49.4978407692308 -22.6443563459262 0.340733959910042 17.7016337971528 0.431000699113304 6 7 1 0.933012701892219 5.7362523705002 14.3127914816298 0.549238794033657
"X152" -89.8735 34.2547 57.1986905246188 63.1183033333333 -5.91961280871449 0.850151654162328 20.931067896621 0.563258066127583 6 6 0 1 8.84362951466797 15.9387820613329 0.640728010377462
"X153" -72.1715 42.5378 NA NA NA NA NA NA NA NA NA NA NA NA NA
"X154" -88.241 41.8406 47.9080742648146 62.4663580208333 -14.5582837560188 0.740525648197562 26.3615583085385 0.580454839900327 6 7 1 0.933012701892219 6.82481958706073 21.0279615858572 0.508932062889363
"X155" -155.7503 68.4865 13.1335828445689 16.8303869044444 -3.69680405987554 0.84905484120152 11.6932759651784 0.595961604318433 6 7 1 0.933012701892219 4.16358095053358 8.32390282845243 0.606649409354739
"X156" -80.6709 28.4583 56.4906879847612 73.1029333333333 -16.6122453485721 0.308875315596294 6.3507930788384 0.638184447771768 10 10 0 1 0 0 NA
"X157" -80.6715 28.6086 71.4604845799618 84.0502133333333 -12.5897287533715 0.641003855722847 16.8030913597371 0.55236141807534 6 7 1 0.933012701892219 8.49444513033983 12.2943263787166 0.734124972703295
"X158" -119.8423 36.3566 23.281048370635 33.6958739130435 -10.4148255424085 0.567601521141453 23.146996393416 0.284027695604698 5 8 3 0.5 2.35749064367641 14.2914616251392 0.433856250493678
"X159" -89.9792 46.0827 38.6216159653286 32.0682491522013 6.55336681312733 0.834243901451587 34.4250467495619 0.385966675536406 7 7 0 1 7.06970086911521 30.9690315463139 0.462218718785236
"X160" -97.9789 34.9604 58.7612003656668 45.6893136363636 13.0718867293032 0.645402343535941 19.289945440701 0.524047175518187 6 6 0 1 6.73986022713755 11.8727512824726 0.648998207078147
"X161" -121.5 44.5794 30.8611479991523 30.4383664705882 0.422781528564073 0.978932588091738 16.9182893979262 0.426537993869266 5 5 0 1 2.85212712627045 9.94753259541102 0.490032796999343
"X162" -121.5574 44.4523 29.8441603657495 45.3440702564103 -15.4999098906607 0.56736065493633 19.123547148593 0.496953023931211 5 7 2 0.75 6.28721562780014 8.07007838182226 0.801778730028238
"X163" -121.6078 44.3154 NA NA NA NA NA NA NA NA NA NA NA NA NA
"X164" -121.6224 44.4992 28.6114542143559 19.9962048717949 8.61524934256106 0.664624202849571 25.6611391826134 0.296162673526471 5 7 2 0.75 6.67763811500605 19.8338680164056 0.515137491376591
"X165" -121.5668 44.4372 25.3213317408038 36.0415553125 -10.7202235716962 0.611078903866024 14.3180051501151 0.517976497081816 5 6 1 0.933012701892219 4.45851361196044 5.16699913813598 0.871867856331211
"X166" -121.6078 44.3233 NA NA NA NA NA NA NA NA NA NA NA NA NA
"X167" -86.4131 39.3232 50.3791786584641 53.3509066666667 -2.97172800820255 0.940770610875485 25.2195088013676 0.595621435384465 6 7 1 0.933012701892219 7.46053787369793 8.66700289746033 0.870052171163864
"X168" -121.7651 38.0498 NA NA NA NA NA NA NA NA NA NA NA NA NA
"X169" -96.4766 41.1651 45.462378370692 69.2000148717949 -23.7376365011029 0.667260543905601 38.7855707176634 0.516311196316378 6 7 1 0.933012701892219 7.51121387797216 22.1812947040125 0.516142849965804
"X170" -96.4701 41.1649 45.467253940714 67.2283634615385 -21.7611095208245 0.686349930317324 39.6763316838323 0.50347607064082 6 7 1 0.933012701892219 7.5118970019639 26.185145220171 0.490110833856168
"X171" -96.4397 41.1797 45.4367987879464 58.3408700641026 -12.9040712761562 0.769163748878368 33.8586418616013 0.502259138351546 6 7 1 0.933012701892219 7.48066629955419 24.0618251992039 0.502024453575123
"X172" -105.5464 40.0329 28.3271344070649 51.9896911764706 -23.6625567694057 0.430277319398574 15.9426579566304 0.566549500737071 6 7 1 0.933012701892219 5.74847607057 13.4924334520485 0.56329705452583
"X173" -83.8438 41.5545 44.8220621467404 58.9431316666667 -14.1210695199262 0.770157195731276 31.7457702350164 0.555926711154975 7 7 0 1 6.10714583191089 7.2473857647882 0.854421023739969
"X174" -83.0183 40.0201 NA NA NA NA NA NA NA NA NA NA NA NA NA
"X175" -147.4876 65.1237 18.5879198394014 16.0808230728814 2.50709676652002 0.881739120228228 15.3132954590063 0.463594755544812 7 6 1 0.933012701892219 4.17428903631822 11.993796557018 0.52102218260515
"X176" -110.8395 31.9083 24.758652472262 21.4047620481928 3.35389042406923 0.825545094045767 16.4947331341944 0.389514662595295 8 7 1 0.933012701892219 9.16892400705879 13.0997472733506 0.740767377321837
"X177" -110.8277 31.7894 24.951826178635 34.7395819047619 -9.78775572612691 0.721651046671139 21.4518737523703 0.489209754356211 8 8 0 1 9.12106049575251 14.4578738090007 0.691336566035557
"X178" -110.8661 31.8214 24.0690361419043 28.1063423484848 -4.03730620658059 0.849330647035787 16.7284214215175 0.508314451292583 8 8 0 1 8.50464200981698 10.127067930688 0.851967518709684
"X179" -89.3477 46.242 37.1300460114088 54.0733019255319 -16.9432559141231 0.693022813394543 41.4260163833441 0.407971673864879 7 7 0 1 6.31821132948235 40.0173642364057 0.430799171731104
"X180" -120.966 38.4316 23.3464376733344 35.3269513095238 -11.9805136361894 0.655501640649981 20.3619137429462 0.487810744710079 5 5 0 1 6.84807130576904 14.1563245477439 0.596752048487929
"X181" -121.6469 38.1074 NA NA NA NA NA NA NA NA NA NA NA NA NA
"X182" -121.6433 38.1047 26.9704385214442 67.6764235294118 -40.7059850079675 0.34235865716562 39.4349930048151 0.354010820166507 3 8 5 0.0669872981077806 2.52253407895289 11.4308622232945 0.458716685831625
"X183" -121.6467 38.1159 26.0901895497912 92.2023958333333 -66.1122062835422 0.277611002658207 45.4324557733068 0.414503727277969 4 7 3 0.5 5.22663164916702 23.91805965204 0.457729167897887
"X184" -121.6414 38.103 26.0719494941227 82.0345791666667 -55.962629672544 0.485714208004881 72.6933436632941 0.391399716182503 4 6 2 0.75 5.22542016088593 66.1692358258368 0.39810899202881
"X185" -121.653 38.1087 26.2862371430599 90.3303986111111 -64.0441614680512 0.401141121000249 73.333137272773 0.351365681995103 5 7 2 0.75 6.21158966311989 17.0428727756669 0.529653883389275
"X186" -84.7138 45.5598 NA NA NA NA NA NA NA NA NA NA NA NA NA
"X187" -84.6975 45.5625 NA NA NA NA NA NA NA NA NA NA NA NA NA
"X188" -120.9507 38.4133 23.1517042507479 26.2488610833333 -3.09715683258548 0.893813158697099 18.7608689803745 0.506616870184756 4 4 0 1 6.74821888982516 12.7118625638422 0.625539978257072
"X189" -90.0799 45.8059 39.804532685381 28.727946859375 11.076585826006 0.732475176072627 24.3677675244341 0.504142381193931 7 7 0 1 6.38143286583808 21.5176241335268 0.494883808809197
"X190" -110.0522 31.7438 28.3944644344611 22.0416917708333 6.3527726636278 0.754803596793727 14.4899801269451 0.526444529402199 8 8 0 1 9.61533566203753 9.05347285460067 0.93982605099385
"X191" -91.0814 46.6188 47.4583140177577 72.6095688888889 -25.1512548711312 0.645296555585621 32.7902050286397 0.564910142770133 7 7 0 1 0 0 NA
"X192" -91.2329 46.7305 53.6134724683476 85.2843428571429 -31.6708703887953 0.641573766825045 49.2488195877522 0.501492808807311 6 7 1 0.933012701892219 0 0 NA
"X193" -91.1528 46.6869 70.3883080328933 88.4381 -18.0497919671067 0.571639681269443 20.1602637865328 0.535456139793379 6 7 1 0.933012701892219 0 0 NA
"X194" -91.0987 46.6347 66.6967491601886 115.10546 -48.4087108398114 0.355801655891504 33.945041136742 0.484505951410987 7 7 0 1 3.14425649437224 12.1827893014079 0.476203513443118
"X195" -91.1663 46.7393 65.6874813175261 99.96717 -34.2796886824739 0.376768864473578 22.6717914072809 0.524355510931267 7 7 0 1 3.15948896934713 17.644816384593 0.440018046451497
"X196" -91.0858 46.6531 NA NA NA NA NA NA NA NA NA NA NA NA NA
"X197" -91.2982 46.6249 52.5510773931127 61.4660925 -8.91501510688734 0.818862492354114 24.8876826268778 0.572419794701231 7 7 0 1 0 0 NA
"X198" -91.0693 46.6491 NA NA NA NA NA NA NA NA NA NA NA NA NA
"X199" -91.2524 46.7223 56.1503942378696 63.8770857142857 -7.72669147641615 0.826534567018041 20.7533589407632 0.59947189235625 7 7 0 1 0 0 NA
"X200" -91.0814 46.6188 NA NA NA NA NA NA NA NA NA NA NA NA NA
"X201" -109.9419 31.7365 28.1689894879477 23.4392902272727 4.72969926067496 0.815858846282291 14.4475161567995 0.537051529028347 8 8 0 1 9.31783707657164 11.0234461823195 0.856650227062773
"X202" -82.9962 41.4646 NA NA NA NA NA NA NA NA NA NA NA NA NA
"X203" 31.4969 -25.0197 51.3281240373081 45.3206520143885 6.00747202291964 0.847981483057286 36.8470910486036 0.363709527377828 1 1 0 1 11.9407017331535 29.397328353153 0.55221557654554
"X204" 23.2528 -15.4378 49.7009975067386 32.7039264814815 16.9970710252571 0.632817113516346 40.4714133589742 0.336377711757592 1 2 1 0.933012701892219 5.03133394731679 33.2738487905958 0.427932356221305
