"lon" "lat" "mod.mean" "ref.mean" "bias" "bias.score" "crmse" "rmse.score" "mod.max.month" "ref.max.month" "phase" "phase.score" "mod.iav" "ref.iav" "iav.score"
"X1" -66.4598 -33.4648 61.7957774804378 97.3299678571429 -35.5341903767051 0.336661086755367 33.3013685347966 0.360497424348109 12 12 0 1 2.30898495592084 30.3786193374198 0.39693089121711
"X2" -56.1886 -28.2395 NA NA NA NA NA NA NA NA NA NA NA NA NA
"X3" 11.3175 47.1167 36.6070264569366 1.46259933333333 35.1444271236033 0.0723689351663886 15.6297370663298 0.311035578919965 7 6 1 0.933012701892219 5.76637003747606 5.59072179082485 0.96907059907158
"X4" 131.1178 -13.0769 51.9949729844071 62.5287366666667 -10.5337636822596 0.611617060935421 21.0473585138557 0.37442773217016 9 9 0 1 6.62598515860004 14.9434101937721 0.573157436359632
"X5" 133.249 -22.283 71.3446260303783 102.028708333333 -30.684082302955 0.314447371429005 22.2948120126914 0.431441900026688 10 11 1 0.933012701892219 8.81545170526242 16.6962517403298 0.623747191315514
"X6" 140.5891 -34.0021 58.1754157784237 68.3707465517241 -10.1953307733004 0.788285376026435 28.2975683337513 0.516702586368981 1 12 1 0.933012701892219 9.82463272931608 19.4115399900293 0.610256024638113
"X7" 150.7236 -33.6152 58.0763411440478 60.8535452777778 -2.77720413373001 0.917250955023073 26.4183493126135 0.439709762682731 11 10 1 0.933012701892219 9.73310559370854 21.3424113563898 0.580448187199206
"X8" 131.3181 -14.0633 61.5114889787752 63.8861945238095 -2.37470554503428 0.931605057822249 22.3357422359408 0.513575418984775 9 9 0 1 8.61402435580973 18.8029896577761 0.581653675678083
"X9" 131.3881 -14.1593 62.8195577653482 56.0686166666667 6.75094109868158 0.658879053256974 22.2432159585853 0.25292703135971 9 10 1 0.933012701892219 8.67517007647931 9.23172586314969 0.941494007572469
"X10" 132.3706 -15.2588 63.0759551167946 65.6959547619048 -2.61999964511018 0.907576724003933 30.1693855171238 0.327359785036434 9 10 1 0.933012701892219 8.81583344386846 20.7887274152094 0.562180655588272
"X11" 148.4746 -23.8587 67.8800348655881 70.7236666666667 -2.84363180107852 0.911140756817545 25.7265356566495 0.430890537083505 10 12 2 0.75 9.27473326885132 20.4730528025256 0.578695705558189
"X12" 131.3072 -12.5452 63.0784093066349 30.4982342857143 32.5801750209206 0.3012731697512 32.5267597467976 0.301866349165956 9 11 2 0.75 9.21114358474246 9.51314192259799 0.96875321131008
"X13" 115.7138 -31.3764 75.1908580820762 87.4539375 -12.2630794179238 0.760125830790496 31.088458220508 0.498918543622158 1 1 0 1 6.32790161561636 29.0120182040187 0.457541866659111
"X14" 120.6541 -30.1913 72.0573315211697 86.8429727272727 -14.785641206103 0.674002425803502 14.3713579418534 0.681494327001811 12 12 0 1 6.83372189830463 8.1367498838044 0.852023569522078
"X15" 131.1523 -12.4943 65.9379655057359 41.8170641666667 24.1209013390692 0.325865101477664 20.9726207890855 0.37722161121703 9 9 0 1 9.63867875794993 11.4551821631882 0.853359116377829
"X16" 140.6551 -34.4704 56.5929671678607 1.80258388888889 54.7903832789718 0.131576305809737 53.2403364658628 0.139346666541264 1 4 3 0.5 2.26379950267476 18.8402940029812 0.414848176347318
"X17" 132.4776 -14.5636 64.6650273542373 60.94958125 3.71544610423728 0.805714130588986 25.8378633694497 0.222620982381558 9 10 1 0.933012701892219 6.52176190716104 14.0550669361733 0.585092690864224
"X18" 145.5759 -36.6499 47.5018735072879 45.3306304255319 2.17124308175602 0.953827754919198 25.7008320151882 0.571462180290501 2 12 2 0.75 9.41641971979232 11.9924724519493 0.806698079469681
"X19" 145.6301 -17.1175 63.0748345147129 45.296065 17.7787695147129 0.647487565671444 22.0154108474526 0.58377877629776 10 12 2 0.75 0 0 NA
"X20" 133.3502 -17.1507 64.1033288632449 66.0640916666667 -1.96076280342182 0.904542412533253 18.9414945996979 0.37939519456426 9 10 1 0.933012701892219 9.32426073253487 13.2286393528802 0.744422970889397
"X21" 133.64 -22.287 68.5829001674904 87.727225 -19.1443248325096 0.348035413027942 11.8857008316779 0.519299835602302 10 10 0 1 8.14627714213321 11.4476413641753 0.749470621733432
"X22" 148.1517 -35.6566 52.5649983976159 38.015504875 14.5494935226159 0.569218440194014 17.8642335629831 0.500639788023552 1 12 1 0.933012701892219 8.29321270379305 9.94072219114565 0.847272103853226
"X23" 145.1878 -37.4259 48.3785812683929 19.082231875 29.2963493933929 0.254853754505693 20.5720987615297 0.382907142450853 1 11 2 0.75 6.78970862402096 9.52865730342574 0.750179102331013
"X24" 145.0294 -36.6732 48.7894750633407 86.9392109523809 -38.1497358890403 0.496695037592997 43.9393816046476 0.446650762077409 2 1 1 0.933012701892219 9.59889433935625 40.2719465001226 0.466896293514919
"X25" 144.0944 -37.4222 46.5157210587018 31.4907578333333 15.0249632253685 0.692698743290887 20.4368017682926 0.606890191464505 2 1 1 0.933012701892219 8.26122267180067 11.7626826442716 0.742542411227202
"X26" 146.2907 -34.9893 54.0653445762649 108.698276666667 -54.6329320904018 0.269620455115865 39.0100244911658 0.392225233858496 2 12 2 0.75 9.48095607661186 37.2112440740818 0.474633381495113
"X27" 4.5198 51.3076 28.4565825859544 22.0496639776316 6.4069186083228 0.81834524440424 23.5000707878792 0.47935603350165 6 5 1 0.933012701892219 9.07866748065882 19.7581927512757 0.582450404109251
"X28" 4.7461 50.5516 30.4239763542504 10.8294915606061 19.5944847936444 0.40232309995523 22.3518323009829 0.353940715356113 6 7 1 0.933012701892219 7.92083785262129 14.0557410525573 0.646314167378104
"X29" 5.9981 50.305 31.5471264763572 32.9382579631579 -1.39113148680073 0.955052495511235 19.5558180623058 0.523881620794239 6 5 1 0.933012701892219 8.2442890842152 14.613529411799 0.646717667321029
"X30" -54.9589 -2.8567 NA NA NA NA NA NA NA NA NA NA NA NA NA
"X31" -54.9714 -3.018 47.6266384607087 21.4806084745763 26.1460299861324 0.0295297286052679 10.3691704946472 0.247357501221513 9 9 0 1 2.54558270569236 6.48289255719967 0.544798956317303
"X32" -82.1556 48.2167 48.6793236844943 41.1606644930556 7.51865919143879 0.780434558503427 27.3975595538858 0.40521022891138 7 5 2 0.75 4.74410669757048 15.3261537589436 0.501347002073221
"X33" -98.4808 55.8796 NA NA NA NA NA NA NA NA NA NA NA NA NA
"X34" -98.4839 55.8792 NA NA NA NA NA NA NA NA NA NA NA NA NA
"X35" -98.5247 55.9058 NA NA NA NA NA NA NA NA NA NA NA NA NA
"X36" -98.3822 55.9117 NA NA NA NA NA NA NA NA NA NA NA NA NA
"X37" -98.3806 55.9144 NA NA NA NA NA NA NA NA NA NA NA NA NA
"X38" -98.485 55.8631 NA NA NA NA NA NA NA NA NA NA NA NA NA
"X39" -98.9644 55.9167 NA NA NA NA NA NA NA NA NA NA NA NA NA
"X40" -99.9483 56.6358 NA NA NA NA NA NA NA NA NA NA NA NA NA
"X41" -106.1978 53.6289 NA NA NA NA NA NA NA NA NA NA NA NA NA
"X42" -105.1178 53.9872 42.7380817493173 75.8105 -33.0724182506828 0.212600697134779 29.8503919491344 0.247215442629328 5 6 1 0.933012701892219 3.6537967798845 17.840947600099 0.451490186516546
"X43" -74.3421 49.6925 44.8345130533476 44.90114908125 -0.0666360279024261 0.998189348431334 22.5252747728584 0.541930540362119 6 5 1 0.933012701892219 4.06256390177099 10.8544051529602 0.534875052573436
"X44" -105.8176 54.485 42.0854182147329 34.0774107708333 8.00800744389953 0.770545714046901 24.5402509606299 0.449881147164501 5 5 0 1 4.6095784179032 14.1000626971175 0.510134430639108
"X45" -105.8775 54.2539 41.1973224126602 32.8593458333333 8.33797657932686 0.716678963509791 21.1498467095635 0.429557313257288 5 5 0 1 4.20506974908051 10.162762238106 0.556422335952056
"X46" -106.0053 54.0916 40.9951736823616 28.1564769507042 12.8386967316574 0.607415067403808 14.346412073086 0.572874032925259 5 5 0 1 4.61880677885121 10.6393041603328 0.567864055790222
"X47" -80.5595 42.6609 31.2981668444743 36.8421568967949 -5.54399005232053 0.84426396943921 18.6502790012609 0.565807785903452 6 7 1 0.933012701892219 6.43605512109234 15.4684762747631 0.557705391895177
"X48" -80.4588 42.7744 31.8972058092865 13.0571253521127 18.8400804571738 0.479358996429927 26.854993555343 0.350597011785704 7 6 1 0.933012701892219 5.65219292528339 13.9423643874873 0.551781588768001
"X49" -80.3483 42.7068 31.4997906556755 40.7471059230769 -9.24731526740142 0.771384528200485 23.249950083028 0.520681670749679 6 6 0 1 6.5388250266376 15.0923652776466 0.567368558046705
"X50" -80.3574 42.7102 31.4836961966888 48.2980603846154 -16.8143641879266 0.666598683241415 31.4903183055385 0.467874520363132 6 5 1 0.933012701892219 6.5334975206948 17.9715348389268 0.529166049553476
"X51" -80.5577 42.6353 34.8604256106189 46.9088111212121 -12.0483855105932 0.716194176276612 30.8881155275291 0.424958381818922 6 5 1 0.933012701892219 6.288612513041 7.20551210583553 0.8805137394303
"X52" 11.6564 -4.2892 NA NA NA NA NA NA NA NA NA NA NA NA NA
"X53" 8.4104 47.2102 32.8041115770318 11.4838216333333 21.3202899436985 0.160219091292605 17.8287113376274 0.216250201212939 7 5 2 0.75 5.78760697614678 7.28150479345671 0.814514265732134
"X54" 9.8559 46.8153 34.9097959041519 26.3271556320098 8.5826402721421 0.779959835384957 23.3251811426209 0.508959197927546 7 4 3 0.5 5.10626599892735 15.6370414495018 0.509945902590023
"X55" 8.5378 47.1158 32.9305644667043 8.43645140141667 24.4941130652876 0.287640496302847 16.8447733281069 0.424470360590298 7 6 1 0.933012701892219 5.64889725252527 12.118825179713 0.586329016169625
"X56" 7.7319 47.2858 NA NA NA NA NA NA NA NA NA NA NA NA NA
"X57" 128.0958 42.4025 NA NA NA NA NA NA NA NA NA NA NA NA NA
"X58" 123.5092 44.5934 35.3120521458118 31.8023552173913 3.50969692842048 0.78960047119284 15.6952425844632 0.347703815237533 6 5 1 0.933012701892219 7.40056612259919 8.36959432711235 0.890671514056399
"X59" 91.0664 30.4978 NA NA NA NA NA NA NA NA NA NA NA NA NA
"X60" 112.5361 23.1733 NA NA NA NA NA NA NA NA NA NA NA NA NA
"X61" 116.2836 42.0467 46.2149068565941 35.756566 10.4583408565941 0.517016939932155 14.1100057311873 0.410649465265479 7 4 3 0.5 0 0 NA
"X62" 116.2809 42.0551 36.5233147742757 31.7592511176471 4.76406365662859 0.769066203455792 18.3527358659736 0.363659443977126 6 4 2 0.75 3.1510258673979 9.84432393475849 0.506660336660063
"X63" 101.3269 37.6086 NA NA NA NA NA NA NA NA NA NA NA NA NA
"X64" 101.18 37.37 35.3865525051275 43.5498194444444 -8.16326693931699 0.493511106617859 21.1440614236628 0.160543957417332 5 4 1 0.933012701892219 5.69135925681853 4.67440091901269 0.804480079253578
"X65" 115.0581 26.7414 NA NA NA NA NA NA NA NA NA NA NA NA NA
"X66" 111.8971 41.7902 NA NA NA NA NA NA NA NA NA NA NA NA NA
"X67" 18.5369 49.5021 NA NA NA NA NA NA NA NA NA NA NA NA NA
"X68" 18.5429 49.4944 NA NA NA NA NA NA NA NA NA NA NA NA NA
"X69" 14.7704 49.0247 34.0719406874715 20.5197110416667 13.5522296458049 0.545192553875759 17.3793008183363 0.459359960179941 7 4 3 0.5 5.9178000493699 9.29614140020264 0.695299012463071
"X70" 13.6834 53.8662 NA NA NA NA NA NA NA NA NA NA NA NA NA
"X71" 10.9143 51.1001 33.62853489274 13.80511875 19.82341614274 0.40681781197033 18.2285054797397 0.437346882379892 6 8 2 0.75 5.60879310299821 11.7167271127555 0.593747962303176
"X72" 13.5126 50.95 33.9608185228093 9.11656490530303 24.8442536175062 0.214293800003175 18.934792552701 0.30912622257991 6 6 0 1 5.9169519355686 6.97092541028138 0.859679501179906
"X73" 10.453 51.0792 32.2645050290277 23.0133193078431 9.25118572118455 0.732560026526017 20.8405739560484 0.496050696212036 6 5 1 0.933012701892219 6.05932645355416 13.4260760577677 0.57770628493743
"X74" 13.5224 50.8931 34.026512679082 11.5331434122137 22.4933692668682 0.425378553250262 18.0484790252561 0.503654642962165 6 8 2 0.75 5.91559328911926 13.1249165937089 0.577362323331067
"X75" 13.3047 49.0996 33.9417901236845 25.9330793135833 8.00871081010118 0.731615703986153 16.4170881837809 0.52697889206098 7 5 2 0.75 6.26846963214919 13.7167254764691 0.580999496723164
"X76" 10.3678 51.3282 32.6790191702386 8.27970567424243 24.3993134959962 0.548732735666501 41.9964671555938 0.355945895647636 6 4 2 0.75 5.68882964686283 38.2310548756063 0.426902885240948
"X77" 13.7213 50.7867 34.3830451545059 27.5421618333333 6.84088332117256 0.771191066371321 17.9324457798836 0.506069884940894 6 5 1 0.933012701892219 6.12277997586504 10.9656690745466 0.642980421481508
"X78" 6.3041 50.6219 34.8058974912307 6.9891052826087 27.816792208622 0.273817085703232 25.3583998631252 0.307027059722512 6 6 0 1 7.21952914875155 13.3192282811789 0.632571574718976
"X79" 6.4472 50.8659 36.0916785635721 5.853318 30.2383605635721 0.224566776920578 28.738728344925 0.241832509747694 6 5 1 0.933012701892219 7.29569662267119 15.016325471379 0.598009279105776
"X80" 6.4497 50.8706 30.2519027225588 4.97771768666667 25.2741850358921 0.199054084295185 27.7120814014085 0.170353583559845 6 7 1 0.933012701892219 6.38380821161809 13.0409782141812 0.600206883403523
"X81" 11.3275 47.8064 38.2876621089811 48.5715771428571 -10.283915033876 0.754593227824172 31.1777560242818 0.425855323098821 5 6 1 0.933012701892219 4.81997253031025 25.3457649624157 0.444933143929117
"X82" 14.0337 51.8923 NA NA NA NA NA NA NA NA NA NA NA NA NA
"X83" 13.5652 50.9624 34.2796847089933 30.0992618491228 4.18042285987046 0.874396503199318 15.3624870354619 0.610641506116327 6 6 0 1 6.5723028910234 12.4103121345262 0.62474232894136
"X84" 12.889 53.8759 34.3578914134085 11.0568651666667 23.3010262467418 0.274783883433463 23.7170667526991 0.268518634162511 6 6 0 1 5.70254545258672 7.9214332830372 0.75569916417815
"X85" 12.1918 55.6905 33.5209628323929 12.6580340248837 20.8629288075091 0.402348281590518 20.4163456522181 0.410266326074285 6 7 1 0.933012701892219 5.17106580375444 11.4119521987399 0.57875686464453
"X86" 9.5872 56.4842 53.1933568624266 63.4506097142857 -10.2572528518591 0.836971410582587 38.4568988610035 0.513125511037452 6 5 1 0.933012701892219 0 0 NA
"X87" -51.3861 64.1308 NA NA NA NA NA NA NA NA NA NA NA NA NA
"X88" 11.6446 55.4859 29.5569301873775 8.07857107738095 21.4783591099966 0.48469980275928 29.5966493799203 0.36862885832441 6 4 2 0.75 7.21473913901556 17.8080882383956 0.551638869092912
"X89" -20.5545 74.4814 -9.59030625482803 8.068152 -17.658458254828 0.62539543504406 29.2347801494773 0.459748409773874 8 7 1 0.933012701892219 3.22974424309129 10.2546821854895 0.504066603007341
"X90" -20.5503 74.4733 NA NA NA NA NA NA NA NA NA NA NA NA NA
"X91" -2.2523 36.8336 50.6989379474912 67.5531961111111 -16.8542581636199 0.689046130332173 25.6161825973749 0.567752935777947 7 6 1 0.933012701892219 4.499553487308 19.044523666739 0.465922928933041
"X92" -2.9658 37.0979 51.161357477189 44.3356592 6.82569827718904 0.876483390324268 32.3852446401686 0.534984755446425 7 7 0 1 4.28693959279269 19.9659199015884 0.455988746452244
"X93" -2.7521 36.9266 50.7665915290521 66.5483641666667 -15.7817726376145 0.673777346097811 19.0699456437996 0.6205651118488 7 7 0 1 5.821421341849 13.3183133042746 0.569554383982082
"X94" 24.2948 61.8474 26.5159753246662 20.1220630143885 6.3939123102777 0.819471601274271 18.18168889651 0.567708717273931 6 5 1 0.933012701892219 6.8644297168023 9.06950105413818 0.784169258502716
"X95" 23.5135 60.8986 30.176842891439 15.6634714883721 14.5133714030669 0.586521615968614 30.2052973801338 0.329421248514516 6 5 1 0.933012701892219 5.7921052310444 14.5551444979788 0.547683415375696
"X96" 23.9595 60.6418 25.9223947107154 19.4182657708333 6.50412893988206 0.79303889277369 22.9969177391656 0.440485230740839 6 6 0 1 6.52287741167368 14.4935282898591 0.576981246400964
"X97" 24.2092 67.9972 24.0820443195633 5.51152466666667 18.5705196528966 0.43268505466378 16.5262695175303 0.474484725219554 6 6 0 1 3.19783124230888 4.33790718092779 0.768882556797409
"X98" 26.6386 67.3624 26.3895275738401 19.8990004989068 6.4905270749333 0.790047476949663 15.1781146417235 0.576317379808015 6 6 0 1 3.75970846311165 8.78186490691583 0.564464307575675
"X99" 2.7801 48.4764 NA NA NA NA NA NA NA NA NA NA NA NA NA
"X100" 1.9519 48.8442 33.7279298518172 9.65025145454545 24.0776783972717 0.331331278246994 20.8028718842238 0.385045073757625 6 7 1 0.933012701892219 7.33017656300259 11.1145301809638 0.711423737866688
"X101" -0.7693 44.7171 44.0895182527584 29.0790725974026 15.0104456553558 0.654863751520128 23.6114341029199 0.513813379865011 7 7 0 1 7.65848233326999 21.1317934834386 0.528567459122763
"X102" 3.5957 43.7413 42.9243037176862 36.7143277014925 6.20997601619362 0.879795709853981 23.5690660753459 0.615048431224372 7 7 0 1 7.04594995333491 14.4877520175783 0.598300817272335
"X103" -52.9249 5.2788 NA NA NA NA NA NA NA NA NA NA NA NA NA
"X104" -2.6942 5.2685 50.1547746034484 37.7011355555556 12.4536390478928 0.472103885625342 16.0291714232601 0.380584711997614 2 4 2 0.75 5.1152198149355 12.5613256505781 0.552788253382136
"X105" 14.9574 40.5238 41.6803462450409 13.4491702241379 28.231176020903 0.483085769878255 20.8252695340732 0.584674848503557 7 6 1 0.933012701892219 6.92855149251463 13.7698971062386 0.608454307769991
"X106" 12.0266 42.3804 61.1240231209967 45.6513786666667 15.4726444543301 0.636301982782537 32.5277453870518 0.386586175296933 7 8 1 0.933012701892219 6.39662791535066 22.537587659008 0.48861541770607
"X107" 12.026 42.3772 47.0827201638687 64.7355766666667 -17.6528565027979 0.769037200999944 59.5284787004634 0.412472288376077 7 6 1 0.933012701892219 5.69852036205103 47.7968920915742 0.414461023647967
"X108" 12.0222 42.38 51.1484023449161 19.9421582380952 31.2062441068209 0.220558163250824 26.5675475650125 0.276125219147283 7 8 1 0.933012701892219 8.28206376350886 14.5577048794413 0.649802206222543
"X109" 13.5881 41.8494 43.0877370306642 50.502847 -7.41510996933585 0.816379330240764 31.8854651810077 0.417955218181349 7 5 2 0.75 8.64794437910261 26.8094385390667 0.507921123254855
"X110" 12.3573 41.7043 45.220951745186 60.6486740740741 -15.4277223288881 0.76807079354953 36.9866530255423 0.531201435009075 7 8 1 0.933012701892219 5.38635041958161 22.5324082575726 0.467221903367695
"X111" 12.3761 41.7053 44.4391133481751 48.3498381666667 -3.91072481849161 0.938428666346614 45.510151058569 0.477338150026767 7 7 0 1 7.27492942478839 41.8506767107171 0.43772283235057
"X112" 8.6336 45.8126 41.1617337085451 21.7186281818182 19.4431055267269 0.442537775362403 26.3947256814893 0.330647063748989 7 4 3 0.5 2.85381555131387 6.22268399584828 0.581941642101816
"X113" 11.2853 45.9542 NA NA NA NA NA NA NA NA NA NA NA NA NA
"X114" 11.2813 45.9562 37.6877262850236 43.3396613819444 -5.65193509692081 0.872166539508326 22.1009142738105 0.58576620727955 7 6 1 0.933012701892219 5.91036215123517 11.7496628169239 0.608367572156441
"X115" 11.0458 46.0147 37.2553171516163 4.19938015909091 33.0559369925254 0.307894874455424 13.5891387901871 0.616147483998446 7 5 2 0.75 6.04494931663492 11.2707918474617 0.628975853459999
"X116" 8.1512 40.6062 47.0588780497838 66.0118017348485 -18.9529236850647 0.725545833560562 25.9402564577621 0.644609155441203 7 7 0 1 8.8617586592057 13.0108653297454 0.726951496920497
"X117" 9.061 45.2009 38.4501657279312 20.3076917428571 18.142473985074 0.379739486412429 31.5430398297834 0.185729782351148 7 4 3 0.5 5.29003958719219 13.5816627729056 0.543078539282832
"X118" 11.4337 46.5869 36.7489224828283 38.1040678294118 -1.3551453465835 0.958270432265623 23.9925202004216 0.470165850612003 7 6 1 0.933012701892219 5.80219286798476 21.4381065027771 0.482221643170416
"X119" 11.93 42.4081 NA NA NA NA NA NA NA NA NA NA NA NA NA
"X120" 11.9209 42.3903 45.2466251651332 39.6806206641221 5.56600450101106 0.875498422839547 38.3079406089041 0.400473198448951 7 4 3 0.5 7.32809506500996 31.19887305712 0.465279641679438
"X121" 10.291 43.732 57.741174289856 45.754182 11.986992289856 0.783314666405581 21.7456300119333 0.642080564696098 7 6 1 0.933012701892219 6.93209944817986 9.67433956547861 0.753176999102145
"X122" 10.2844 43.7279 44.9577896074872 45.3650666690647 -0.407277061577538 0.99382654174432 38.4029067802976 0.557712867835574 7 7 0 1 6.59790085999664 24.7939359115551 0.48003774561198
"X123" 7.5781 45.8444 36.5826151519619 15.093294047619 21.4893211043429 0.558151740688813 30.0863880664508 0.442015422460243 7 6 1 0.933012701892219 5.07565883589844 26.1007265459394 0.446848474032258
"X124" 102.3062 2.973 50.679936350629 46.0643773809524 4.61555896967667 0.636346691824814 11.7551813811377 0.316253700617945 3 2 1 0.933012701892219 6.6222325861475 7.69977949360032 0.86940590844375
"X125" 5.0713 52.2404 29.0971650253727 -1.18794838541667 30.2851134107894 0.240221546531074 24.67735327915 0.312824886134227 6 4 2 0.75 8.98854246025236 12.6167865129514 0.750081992812761
"X126" 5.7436 52.1666 29.8313826615109 16.2310591973684 13.6003234641425 0.732797202988235 23.2281501373816 0.588036483308185 6 6 0 1 9.38869045488741 17.5080625496048 0.628920474494702
"X127" 15.923 78.186 NA NA NA NA NA NA NA NA NA NA NA NA NA
"X128" -79.6346 9.3181 NA NA NA NA NA NA NA NA NA NA NA NA NA
"X129" -79.6314 9.3138 NA NA NA NA NA NA NA NA NA NA NA NA NA
"X130" 161.3414 68.613 NA NA NA NA NA NA NA NA NA NA NA NA NA
"X131" 147.4943 70.8291 10.6748893635664 17.916683541129 -7.24179417756268 0.724439442838107 20.5853693140748 0.399986126315947 7 6 1 0.933012701892219 3.46889310217205 15.6877991537942 0.458919917064003
"X132" 32.9221 56.4615 31.9593821157076 30.3200093142157 1.63937280149193 0.953591201650188 21.4538451034964 0.536934691095499 6 6 0 1 6.24987151383967 15.8097154769761 0.546248327427091
"X133" 90.0022 54.7252 30.5066761540797 26.6322714814815 3.87440467259822 0.843749781634471 21.0843871466408 0.396695391226914 7 4 3 0.5 3.61208169201333 9.93067755223264 0.529262702687177
"X134" 126.4958 72.3738 NA NA NA NA NA NA NA NA NA NA NA NA NA
"X135" 129.168 62.255 21.2792508847049 41.49618759375 -20.2169367090451 0.594282051353327 29.801430004749 0.464351118732473 7 5 2 0.75 1.87187697628098 10.5864901766461 0.439032219160503
"X136" 128.8878 71.5943 5.88908926987311 4.61892328333333 1.27016598653977 0.949323608079352 23.4807706598305 0.382359448895492 7 6 1 0.933012701892219 3.37492676925551 19.5260060550073 0.437290588386949
"X137" 62.9405 67.0547 29.9954042879459 16.7936113333333 13.2017929546126 0.466222939959654 15.677677072435 0.404055656471058 7 6 1 0.933012701892219 0 0 NA
"X138" 30.4783 13.2829 52.8249911636385 52.0793233333333 0.745667830305116 0.944362976405606 13.6866487950196 0.349686026107134 12 4 4 0.25 4.48876987853643 8.75862087662968 0.614158240961561
"X139" 19.0503 68.3542 NA NA NA NA NA NA NA NA NA NA NA NA NA
"X140" -15.4322 15.4028 77.7853581020037 39.805078 37.9802801020037 0.057888188528454 13.5047603048118 0.363086799107528 4 4 0 1 4.32843748542236 9.08239948694471 0.592487338255495
"X141" -99.42 36.4267 43.6406390859568 32.3078463829787 11.3327927029781 0.622082190583362 18.0781317593182 0.468969774701507 7 7 0 1 5.80151549685426 14.8339814933171 0.5439468793585
"X142" -99.5975 36.6358 44.7289651144137 38.7844181818182 5.94454693259554 0.769554296984481 15.6026324408607 0.502820049098897 7 7 0 1 5.17466773316921 11.2812466129375 0.581989103738703
"X143" -98.0402 35.5497 41.6776227353686 43.8329852173913 -2.15536248202272 0.892644394225303 22.5373163504692 0.304982445802528 7 4 3 0.5 2.77400639811976 13.6669899987681 0.450666029863164
"X144" -98.04 35.5465 41.6837441385117 40.6426304347826 1.0411137037291 0.931791299922705 17.6107034333822 0.302703310595053 7 4 3 0.5 2.77435701602225 9.96687433853851 0.485953557747229
"X145" -97.4888 36.6058 40.8161139228952 37.8040018583333 3.01211206456189 0.90776690236497 24.1092512563777 0.460916628798288 8 7 1 0.933012701892219 6.03313369751359 15.5279417929431 0.542554912899355
"X146" -157.4089 70.4696 10.7439683332379 5.96716927416667 4.77679905907123 0.844021411263135 24.1106500974867 0.42488642764999 7 6 1 0.933012701892219 5.86945577242343 18.3746152786245 0.506329747278316
"X147" -120.6328 38.8953 60.8467030846727 48.0443996363636 12.802303448309 0.670202044818343 23.3034740106897 0.482669561727085 7 6 1 0.933012701892219 4.05153628545147 18.4834486235784 0.458038549632786
"X148" -109.39 38.09 39.3918308292359 44.1863505833333 -4.79451975409745 0.87416600291569 29.2656037148717 0.440038834706132 6 6 0 1 4.32045959155476 27.6087057114099 0.430197458686965
"X149" -83.3471 41.6285 36.1148743059273 21.4958569444444 14.6190173614829 0.609587535159188 22.8042320799123 0.46203766725589 6 6 0 1 4.49259368415029 20.3103154337672 0.458955342009259
"X150" -106.2397 41.3658 31.4016476826803 32.6122300106383 -1.21058232795798 0.962349199152563 25.6437747277905 0.443543509467419 7 5 2 0.75 3.68086146435131 19.2786376987919 0.445271772685504
"X151" -106.2399 41.3665 32.7918842764309 38.5089844923077 -5.71710021587677 0.86170491534314 28.0360676049556 0.481953479951416 7 5 2 0.75 4.1310408980923 15.9942244840242 0.476295551264373
"X152" -89.8735 34.2547 52.4583790328944 28.835891 23.6224880328944 0.220069598325638 13.368611583974 0.424557741956355 8 6 2 0.75 7.96098376562764 8.88659345460366 0.901082926436246
"X153" -72.1715 42.5378 NA NA NA NA NA NA NA NA NA NA NA NA NA
"X154" -88.241 41.8406 32.4731227763827 22.4435625208333 10.0295602555494 0.537412688124322 23.3259772350154 0.23592337007147 7 4 3 0.5 4.57665000411835 11.421358136359 0.549201314604286
"X155" -155.7503 68.4865 12.9402616694302 3.74319986666667 9.19706180276349 0.646812413448262 14.376820954069 0.506068431403092 7 6 1 0.933012701892219 3.54871724829603 8.92191380331638 0.547579795817894
"X156" -80.6709 28.4583 36.5850691480154 27.0045666666667 9.5805024813487 0.371712932983056 2.32946005369641 0.786136119323042 10 10 0 1 0 0 NA
"X157" -80.6715 28.6086 56.1046445872224 40.6277935555556 15.4768510316668 0.538762484910331 15.2456335183837 0.543763629446981 4 5 1 0.933012701892219 7.06869072253144 11.7474823830226 0.671473738437285
"X158" -119.8423 36.3566 66.0860981720419 45.4446652173913 20.6414329546506 0.449524072097217 32.3735765413236 0.285354844532437 7 6 1 0.933012701892219 2.10761721559655 20.4123286420987 0.407894045559043
"X159" -89.9792 46.0827 36.3692739946526 34.1714004968553 2.19787349779726 0.935290753644196 38.9255442398035 0.305808172168532 6 4 2 0.75 7.38369177901525 31.0431016321088 0.466663378096837
"X160" -97.9789 34.9604 42.2299145214075 56.5681954545455 -14.338280933138 0.45823880126797 14.9440408099019 0.443377611316171 7 7 0 1 3.41128540605478 8.36792480275399 0.553032810824298
"X161" -121.5 44.5794 44.4918632493286 53.4721257647059 -8.98026251537731 0.766008515479501 25.8195077824925 0.464681561096715 7 7 0 1 2.85073601551519 19.7039354905154 0.425146488497257
"X162" -121.5574 44.4523 49.6296689581619 46.7622852666667 2.86738369149524 0.941198778985461 21.525345772626 0.634493070810144 7 6 1 0.933012701892219 6.34014338137226 13.8832607882653 0.580814052282899
"X163" -121.6078 44.3154 NA NA NA NA NA NA NA NA NA NA NA NA NA
"X164" -121.6224 44.4992 46.389772930645 51.2819730769231 -4.89220014627805 0.828194800944957 33.9415287760026 0.270403672430753 7 8 1 0.933012701892219 5.73870118074062 22.8722597767579 0.472792932416253
"X165" -121.5668 44.4372 44.8603318696935 57.6051499375 -12.7448180678065 0.766984973232957 22.1316253686194 0.630855836225582 7 8 1 0.933012701892219 4.36818587555073 13.5067268782871 0.508346576882438
"X166" -121.6078 44.3233 NA NA NA NA NA NA NA NA NA NA NA NA NA
"X167" -86.4131 39.3232 35.9898880522795 35.3707650677083 0.619122984571128 0.971600289556205 25.4056915049558 0.306588268596286 8 4 4 0.25 6.18906599338501 9.09533904005478 0.72648726320709
"X168" -121.7651 38.0498 NA NA NA NA NA NA NA NA NA NA NA NA NA
"X169" -96.4766 41.1651 32.5890275881339 25.1957878525641 7.39323973556976 0.752083482575058 30.0929094102063 0.313590042048917 7 5 2 0.75 5.99931231948313 14.7170201444187 0.553023103463774
"X170" -96.4701 41.1649 32.5864853612196 25.9931883653846 6.59329699583499 0.777848017266649 29.438160783905 0.325731769114215 7 5 2 0.75 5.99971315795572 15.1152116262268 0.547130533786407
"X171" -96.4397 41.1797 32.5388990139691 29.2129039211538 3.32599509281529 0.870437546997494 24.2429983654707 0.363706233790587 7 5 2 0.75 5.98123876370906 13.7201923893239 0.568897065272522
"X172" -105.5464 40.0329 35.4605088557957 46.7630199754902 -11.3025111196945 0.692332175969233 25.6323944102995 0.434367528178486 7 4 3 0.5 4.34515214786768 14.7864343783155 0.493545963286964
"X173" -83.8438 41.5545 36.2114798010893 28.7229630833333 7.48851671775601 0.761308571127053 32.4504614451635 0.306732363068999 6 4 2 0.75 5.09465163991282 7.20783368193234 0.745888969530062
"X174" -83.0183 40.0201 NA NA NA NA NA NA NA NA NA NA NA NA NA
"X175" -147.4876 65.1237 22.5359407128398 18.5308991 4.0050416128398 0.859278480717146 20.5846351844313 0.458637391621437 6 5 1 0.933012701892219 4.07714164337337 15.9440813580098 0.475073882529538
"X176" -110.8395 31.9083 56.9644337369785 77.7751530120482 -20.8107192750697 0.539408641324958 23.9314959180914 0.491718210666992 6 6 0 1 5.2864270187749 22.8370997294363 0.463700767459194
"X177" -110.8277 31.7894 57.6376012683335 48.9916020238095 8.64599924452399 0.743069682206532 15.5719110262983 0.585756677804413 6 6 0 1 5.31631384890909 11.3519595063811 0.587615088970172
"X178" -110.8661 31.8214 57.8076329509959 70.4580590909091 -12.6504261399132 0.688924971273447 18.0545869989943 0.587543827820209 6 6 0 1 4.96739473281543 9.55468386706249 0.618715985811111
"X179" -89.3477 46.242 39.3813144827856 29.5174796170213 9.86383486576428 0.67904359553864 25.3613536180276 0.369644659215594 7 5 2 0.75 6.6240030638651 11.6593042796958 0.649293919917862
"X180" -120.966 38.4316 66.3417035744026 67.5446637857143 -1.20296021131172 0.974376371618411 15.8066313045303 0.711003774386583 7 7 0 1 4.83969425019051 13.3765795664551 0.528244291303471
"X181" -121.6469 38.1074 NA NA NA NA NA NA NA NA NA NA NA NA NA
"X182" -121.6433 38.1047 60.5752047751204 82.9734705882353 -22.3982658131149 0.699954589244326 69.0858839047753 0.332758255334509 7 6 1 0.933012701892219 3.16116127609876 47.6775258630866 0.39309772413583
"X183" -121.6467 38.1159 63.7617416050153 9.95803649583333 53.8037051091819 0.00325240417044456 39.3009928948611 0.0152330282208248 7 8 1 0.933012701892219 4.51258938596337 7.72259934649578 0.659901667562449
"X184" -121.6414 38.103 63.8304883198842 13.50246625 50.3280220698842 0.00103247699017132 37.6254827697504 0.00585547234524212 7 4 3 0.5 4.51525154133598 5.34624775459757 0.856042366669348
"X185" -121.653 38.1087 64.9394392786506 7.49001623611111 57.4494230425395 0.156044796552715 56.7284769826965 0.159725182135589 7 5 2 0.75 5.2916770882586 15.0164742917881 0.523295714986468
"X186" -84.7138 45.5598 NA NA NA NA NA NA NA NA NA NA NA NA NA
"X187" -84.6975 45.5625 NA NA NA NA NA NA NA NA NA NA NA NA NA
"X188" -120.9507 38.4133 66.4475417378465 50.8619498 15.5855919378465 0.711300101012872 21.2774757665872 0.628090659752052 7 7 0 1 4.79733514941496 18.8862274528487 0.474265663374502
"X189" -90.0799 45.8059 35.7402110826327 26.074791734375 9.66541934825774 0.672828713039847 30.5131937611208 0.28622270867939 6 4 2 0.75 6.72916090019105 17.1627665586207 0.544481688061442
"X190" -110.0522 31.7438 57.6293457854855 72.3270302083333 -14.6976844228478 0.620802912115099 17.4262752384175 0.56821944483539 6 5 1 0.933012701892219 5.55685549738469 10.9646366530674 0.610667877790706
"X191" -91.0814 46.6188 43.1500441973815 39.2650983333333 3.88494586404812 0.912632989122507 33.6643059746793 0.452849068764585 6 5 1 0.933012701892219 0 0 NA
"X192" -91.2329 46.7305 50.4686653518827 61.5666557142857 -11.0979903624031 0.83213621052478 55.5884662779884 0.39834895951351 7 5 2 0.75 0 0 NA
"X193" -91.1528 46.6869 69.0524229606477 93.1921 -24.1396770393523 0.357667283561458 21.3075619915932 0.403520799222005 7 5 2 0.75 0 0 NA
"X194" -91.0987 46.6347 59.8576401937527 49.325536 10.5321041937527 0.803784560197896 43.4976018570234 0.405720255531624 5 5 0 1 2.7292059146743 8.24125409683987 0.512304506300666
"X195" -91.1663 46.7393 60.7800093529925 74.170064 -13.3900546470075 0.701368262216489 27.6940539785852 0.480150290690615 8 5 3 0.5 2.72953840877126 23.3589390965643 0.413479222086753
"X196" -91.0858 46.6531 NA NA NA NA NA NA NA NA NA NA NA NA NA
"X197" -91.2982 46.6249 48.6800125654154 53.53885 -4.85883743458459 0.857960087454889 25.2064815216077 0.451692851211374 6 5 1 0.933012701892219 0 0 NA
"X198" -91.0693 46.6491 NA NA NA NA NA NA NA NA NA NA NA NA NA
"X199" -91.2524 46.7223 51.3460624088715 49.2169857142857 2.12907669458581 0.96095171901035 41.5772895365708 0.459399688536076 6 5 1 0.933012701892219 0 0 NA
"X200" -91.0814 46.6188 NA NA NA NA NA NA NA NA NA NA NA NA NA
"X201" -109.9419 31.7365 57.8225831054403 61.4295454545455 -3.60696234910517 0.88216884508286 14.7571707978402 0.598736382757525 6 6 0 1 5.41798014163396 10.1365238774289 0.627821619632285
"X202" -82.9962 41.4646 NA NA NA NA NA NA NA NA NA NA NA NA NA
"X203" 31.4969 -25.0197 67.4845052330606 57.6929705035971 9.79153472946352 0.591769138670376 19.0365913679335 0.360596158899112 9 9 0 1 8.56547295177189 15.315169587255 0.643573087872213
"X204" 23.2528 -15.4378 63.4844727456135 81.2219555555556 -17.7374828099421 0.462521200474004 26.9822438184033 0.309455738735977 9 8 1 0.933012701892219 3.1066290119127 22.1711204887368 0.423213086413263
