"lon" "lat" "mod.mean" "ref.mean" "bias" "bias.score" "crmse" "rmse.score" "mod.max.month" "ref.max.month" "phase" "phase.score" "mod.iav" "ref.iav" "iav.score"
"X1" -66.4598 -33.4648 -0.00713591317844311 -4.75352313888889 4.74638722571045 0.0426905835431929 1.42670583916607 0.387520436062265 9 6 3 0.5 0.217860573097858 1.34248167188613 0.432696799658348
"X2" -56.1886 -28.2395 -0.033720387045 2.00182888333333 -2.03554927037833 0.546283988896355 3.25941184202616 0.379789367561762 6 6 0 1 0.136973580984819 3.09829880364063 0.3845079888489
"X3" 11.3175 47.1167 -0.0186900511044212 1.02713905189394 -1.04582910299836 0.585384725342555 2.31346891960183 0.305885741612179 1 10 3 0.5 0.565973847696637 0.86241339402355 0.709118563647
"X4" 131.1178 -13.0769 -0.557215698486974 -0.55084429975 -0.00637139873697401 0.994215111775529 1.39257061039325 0.281379576675702 10 6 4 0.25 0.293987187669138 0.919080056074804 0.50655171521835
"X5" 133.249 -22.283 0.0333796084478545 -0.111057222 0.144436830447854 0.704249087762535 0.439325887687286 0.344220791302754 11 11 0 1 0.242416276133903 0.343636717178463 0.744861833664092
"X6" 140.5891 -34.0021 -0.0435540337679113 -0.299415990333333 0.255861956565422 0.575597351056016 0.876365230341077 0.150789530948951 2 2 0 1 0.557128575681752 0.428069499594766 0.739714527673361
"X7" 150.7236 -33.6152 -0.25849770848631 -0.590209555555556 0.331711847069245 0.675466250660973 1.51731177185187 0.166178708239135 3 12 3 0.5 0.978764152835328 0.750369770959773 0.737583647591583
"X8" 131.3181 -14.0633 -0.302095747939668 -0.470220432142857 0.168124684203189 0.913329294376371 1.44525831126826 0.458711171810742 11 10 1 0.933012701892219 0.442433205338974 1.22193738436636 0.528387789883502
"X9" 131.3881 -14.1593 -0.269475792458575 -0.641628226190476 0.372152433731901 0.684968352861786 1.80466895165507 0.159632507163534 11 5 6 0 0.454694215677266 0.702055185821381 0.703042203029538
"X10" 132.3706 -15.2588 -0.249768500170519 -0.871675387619048 0.621906887448529 0.458336493089812 1.59434007749285 0.135332391438033 11 11 0 1 0.555540131775361 0.60361297406236 0.923447037542859
"X11" 148.4746 -23.8587 0.269820545087416 0.187191519444444 0.0826290256429715 0.886754343102942 0.945727252184686 0.252688226413859 11 10 1 0.933012701892219 0.55369725958417 0.375136811521074 0.621271223265612
"X12" 131.3072 -12.5452 -0.31169480476656 -1.31667754444444 1.00498273967788 0.294477303596844 1.06235532992048 0.274625579853791 10 10 0 1 0.374619501348286 0.348033210960097 0.926454729796315
"X13" 115.7138 -31.3764 -0.0719834789514658 -0.759319247916667 0.687335768965201 0.286626172340652 1.15376281972935 0.122757938868287 1 4 3 0.5 0.547823040051923 0.401377767431003 0.694296300814505
"X14" 120.6541 -30.1913 -0.175985248415074 -0.2937587375 0.117773489084926 0.610415760378848 0.348255819816934 0.232325035918006 1 1 0 1 0.164781481230227 0.110991954774658 0.61592784697521
"X15" 131.1523 -12.4943 -0.240444143938058 -1.72578468928571 1.48534054534766 0.352192013934592 1.62051785581147 0.320282333877906 10 9 1 0.933012701892219 0.42009548504356 1.12304316008265 0.534763262124105
"X16" 140.6551 -34.4704 -0.35698054148955 -1.52855043166667 1.17156989017712 0.578395738787005 2.04756922849028 0.384093913699299 2 4 2 0.75 0.391967764787245 1.68815021144862 0.464027124532915
"X17" 132.4776 -14.5636 -0.0576884241421648 -0.102961444444444 0.0452730203022796 0.972618092872828 2.17888871553851 0.262840402734864 11 3 4 0.25 0.342415352113097 1.45036596538395 0.465840924080853
"X18" 145.5759 -36.6499 -0.185337826720688 -0.398716447916667 0.213378621195979 0.868893115079624 1.64752343585026 0.337871439826068 3 12 3 0.5 0.241673417445593 0.711490634230136 0.516681813801552
"X19" 145.6301 -17.1175 -0.20941693793566 -1.8279175 1.61850056206434 0.128146498020622 1.54239234532091 0.141145116241537 11 4 5 0.0669872981077806 0 0 NA
"X20" 133.3502 -17.1507 -0.162908296835934 -0.12286959047619 -0.0400387063597434 0.951315555484191 0.790496699271795 0.37329808712043 11 11 0 1 0.362187306017075 0.547203125424169 0.713115575752293
"X21" 133.64 -22.287 -0.00535266974802167 0.410005827777778 -0.415358497525799 0.243531152269175 0.309290541605987 0.349306710610325 1 12 1 0.933012701892219 0.209451427063357 0.235425256693878 0.895540989285813
"X22" 148.1517 -35.6566 -0.163351494088351 -1.8187193702381 1.65536787614974 0.393157897521701 1.77258010897232 0.368009782169763 2 3 1 0.933012701892219 0.544127894358899 1.57153830154763 0.520086064854144
"X23" 145.1878 -37.4259 -0.0422205743063569 -4.14573645833333 4.10351588402698 0.0914831800274204 1.69265875075902 0.372875444390678 2 5 3 0.5 0.402114756447768 1.45782434130614 0.484727745458819
"X24" 145.0294 -36.6732 -0.131735371842034 -1.51118980625 1.37945443440797 0.247939514557202 0.997856504157412 0.364659591590416 3 6 3 0.5 0.239680145862801 0.871140031984266 0.484389419584534
"X25" 144.0944 -37.4222 -0.0283470591865322 -2.96214548333333 2.9337984241468 0.0944446672120707 1.17427860319287 0.388871185330093 2 5 3 0.5 0.369988329403916 0.880990049273097 0.559880895211825
"X26" 146.2907 -34.9893 -0.134299240337112 0.336075397222222 -0.470374637559334 0.464122990262331 0.996518463879533 0.196671335809647 2 12 2 0.75 0.546946854253809 0.53053188411188 0.9695331701727
"X27" 4.5198 51.3076 -0.15101047589452 0.0731434631944445 -0.224153939088965 0.88940408737863 1.35920867846642 0.491304653790695 1 12 1 0.933012701892219 0.650311528104732 1.20321950854059 0.631584345055954
"X28" 4.7461 50.5516 -0.132686925618501 -0.919368654393939 0.786681728775439 0.804426239062484 3.10947265173149 0.423078276339043 1 11 2 0.75 0.626845985598082 2.80358213078737 0.46005350709889
"X29" 5.9981 50.305 -0.117082720165949 -1.36424670131579 1.24716398114984 0.533813420741179 1.38250667420455 0.498661335139694 1 12 1 0.933012701892219 0.620366333446773 0.953599095072102 0.705077580458507
"X30" -54.9589 -2.8567 -0.337540907569086 -0.154646003703704 -0.182894903865383 0.843118481046547 1.94865665416895 0.162322607326197 10 6 4 0.25 0.44821602765634 0.775899013298418 0.65551974822029
"X31" -54.9714 -3.018 -0.426099200334149 -0.46591288 0.0398136796658513 0.968846664693078 1.70181054697971 0.258512022516372 11 6 5 0.0669872981077806 0.218126055381117 1.10902683146168 0.44784073896502
"X32" -82.1556 48.2167 -0.0477636686975907 -0.427288290625 0.379524621927409 0.71847108376326 0.861787923303929 0.472006595584795 2 11 3 0.5 0.166342632650824 0.577188682405635 0.490757359307454
"X33" -98.4808 55.8796 -0.0522806253030142 -0.0670386827777778 0.0147580574747636 0.977256052431469 1.09313018506597 0.181936271910632 4 11 5 0.0669872981077806 0.213178239344452 0.434615881436214 0.600794725979515
"X34" -98.4839 55.8792 -0.0531060131848132 -0.144659935983333 0.0915539227985201 0.907274333527938 1.01070229133492 0.341553619937769 4 3 1 0.933012701892219 0.158400488763775 0.68140756782592 0.464153813333223
"X35" -98.5247 55.9058 -0.0523707677594872 -0.728371214833333 0.676000447073846 0.529850014683785 1.03085515239068 0.379622398206092 4 3 1 0.933012701892219 0.157620606637128 0.794476661496725 0.448608600721489
"X36" -98.3822 55.9117 -0.0526208358839108 -0.071907925 0.0192870891160892 0.975648618654333 1.05106304779458 0.260938642856903 4 11 5 0.0669872981077806 0.157961198101142 0.446644872984798 0.523960871144313
"X37" -98.3806 55.9144 -0.0554253589224478 0.019325260625 -0.0747506195474479 0.857536565857298 1.03566140299314 0.118911254739259 4 11 5 0.0669872981077806 0.173504981101647 0.32782861142076 0.624536909037935
"X38" -98.485 55.8631 -0.053260856651374 -0.506928027652667 0.453667171001293 0.652694442800523 1.0475985565572 0.373363696108551 4 10 6 0 0.158679518034035 0.651652304166279 0.469307698716784
"X39" -98.9644 55.9167 -0.0472867289738077 0.137400866666667 -0.184687595640474 0.780619098519821 0.929419380020361 0.287549312564064 4 10 6 0 0.154636094446054 0.495064834419453 0.502758792604137
"X40" -99.9483 56.6358 -0.021163686759658 0.248091 -0.269254686759658 0.664750487843435 0.830813483073302 0.283657826783268 4 9 5 0.0669872981077806 0.168321845639331 0.328267150674902 0.614318795294781
"X41" -106.1978 53.6289 0.0551175209643061 -0.305065477222222 0.360182998186528 0.842611742254819 1.40822444890511 0.511943882417829 3 10 5 0.0669872981077806 0.309526396351965 0.669725815556903 0.584013505616613
"X42" -105.1178 53.9872 -0.000838002350720005 -0.137260458472222 0.136422456121502 0.834627276772994 0.977455910828807 0.273842351366502 3 11 4 0.25 0.294473182443362 0.321345521239156 0.919776623875578
"X43" -74.3421 49.6925 -0.0289891053132544 -0.116534525 0.0875454196867456 0.884077766021403 1.06857419804784 0.222262314954579 3 11 4 0.25 0.137918601804277 0.453685462344326 0.4985736682474
"X44" -105.8176 54.485 0.015561901962474 0.0578099208333333 -0.0422480188708593 0.97348591647377 1.91132936250108 0.29650115880982 4 11 5 0.0669872981077806 0.182603930037028 0.83962644667458 0.457253355535048
"X45" -105.8775 54.2539 0.0116660752333957 -0.427859970366667 0.439526045600062 0.709320913085026 1.67753341447534 0.269596031076888 4 11 5 0.0669872981077806 0.222547549747059 0.704073370096479 0.504637835967917
"X46" -106.0053 54.0916 0.0443304868042973 0.178513198888889 -0.134182712084592 0.784889040544942 1.13448167369834 0.129011930564274 4 11 5 0.0669872981077806 0.224859080303365 0.390945268188718 0.653879414077254
"X47" -80.5595 42.6609 -0.043632209196935 -0.145306983472222 0.101674774275287 0.890777872534005 1.85033801323162 0.12186360939537 12 1 1 0.933012701892219 1.19088339768571 0.722425055677037 0.522854261790672
"X48" -80.4588 42.7744 -0.0175426709882158 -2.37367946111111 2.3561367901229 0.370706800124241 2.44956098994077 0.356403529738545 12 11 1 0.933012701892219 0.887482108881175 1.61561521317548 0.637191698666552
"X49" -80.3483 42.7068 -0.0215665229046687 -1.32448712371795 1.30292060081328 0.382227774847806 1.78617986413189 0.267549186232413 12 12 0 1 1.08370453504093 0.935819515098798 0.853826482512367
"X50" -80.3574 42.7102 -0.0207537669897729 -0.211741573269231 0.190987806279458 0.837206967293546 1.67359195222814 0.21076473144369 12 12 0 1 1.08868657986779 0.513876589360058 0.326744766656839
"X51" -80.5577 42.6353 0.203861372392009 -0.783000327777778 0.986861700169786 0.651055642874622 2.08964726392886 0.403034718434306 4 11 5 0.0669872981077806 1.31239846150024 0.536593004570569 0.235557866389947
"X52" 11.6564 -4.2892 -0.381482469300198 -0.281573227083333 -0.0999092422168646 0.8997093403458 1.34744073889466 0.24043237147579 9 7 2 0.75 0.357805472363736 0.737620431527295 0.597548844920102
"X53" 8.4104 47.2102 -0.131562579744421 0.00105827800000001 -0.132620857744421 0.947598675665428 2.80218769092683 0.32069380477754 12 10 2 0.75 0.382446371843561 2.29592998000516 0.434558719560862
"X54" 9.8559 46.8153 -0.100176931039465 -0.522605458888889 0.422428527849424 0.752253788624097 1.55537332322825 0.350571133841305 12 1 1 0.933012701892219 0.400119092112277 1.01722716230219 0.545170281479152
"X55" 8.5378 47.1158 -0.131274157562452 -0.902453948 0.771179790437548 0.694548086957158 2.05107059334346 0.379300232788632 12 12 0 1 0.373009978449901 1.24242849154992 0.496697801469678
"X56" 7.7319 47.2858 -0.10339160884695 -0.867664038809524 0.764272429962574 0.652977974874155 2.04560123303769 0.319572652685521 12 1 1 0.933012701892219 0.215973783010192 1.32336287062853 0.433094524824748
"X57" 128.0958 42.4025 0.0133464857167673 -0.749613339444444 0.762959825161212 0.559069899116659 1.06873015321856 0.442851847466594 4 10 6 0 0.260326068632915 0.33139288384288 0.806986106590646
"X58" 123.5092 44.5934 0.302185211793417 -0.453428599791667 0.755613811585083 0.425545799142 1.39771430016143 0.205889768004415 5 10 5 0.0669872981077806 0.875638602895008 0.359867323310668 0.238538105686207
"X59" 91.0664 30.4978 -0.0063671024724579 -0.267393574583333 0.261026472110875 0.593018569924602 0.461993543331604 0.396598572071791 4 12 4 0.25 0.0223874332315964 0.187591695035801 0.414509776357135
"X60" 112.5361 23.1733 -0.264827811552389 -1.42804893888889 1.1632211273365 0.266181730723193 1.23305102786092 0.245850353203525 8 4 4 0.25 0.307523235879093 0.498816512614022 0.681475979662462
"X61" 116.2836 42.0467 -0.0243184328888157 -0.214531311111111 0.190212878222295 0.451477051545323 1.06060036328244 0.0118657974959395 4 6 2 0.75 0.637506530000825 0.208508250356577 0.127777566076948
"X62" 116.2809 42.0551 0.408858018380884 0.389983483333333 0.0188745350475507 0.969870004266693 1.05286158681867 0.181489879060789 6 10 4 0.25 0.199098815365006 0.520220929468552 0.539409494354975
"X63" 101.3269 37.6086 0.0082526162223384 -0.468206938888889 0.476459555111227 0.604364233997057 1.02128638886635 0.339794248821787 6 10 4 0.25 0.0918857403889457 0.241353133470066 0.538326935200467
"X64" 101.18 37.37 0.0305671350024307 -0.257428063888889 0.28799519889132 0.74067105933316 0.964487818533989 0.365914020757336 6 4 2 0.75 0.0919073034501007 0.349909430832714 0.478384854222168
"X65" 115.0581 26.7414 0.0076996110611883 -1.54157086111111 1.5492704721723 0.126160834473884 1.17562192649459 0.207855228688813 7 1 6 0 0.360620583034805 0.491484130003028 0.766238347461842
"X66" 111.8971 41.7902 0.00305286398694228 -0.495070765277778 0.49812362926472 0.610472920709675 1.2565500899 0.287958037076437 5 6 1 0.933012701892219 0.356530043924997 0.915506465268564 0.543043834196138
"X67" 18.5369 49.5021 -0.0554636672125063 -2.29314098181818 2.23767731460568 0.406196604404853 2.06840804434143 0.434843979683613 12 1 1 0.933012701892219 0.783521098290122 0.827939581687183 0.947764309704631
"X68" 18.5429 49.4944 0.0703834703971936 0.0994001452380952 -0.0290166748409016 0.978677902080254 1.22880627509101 0.401430974996378 12 11 1 0.933012701892219 0.62508618711071 0.613083383843789 0.980612633518213
"X69" 14.7704 49.0247 -0.0372902984461234 -0.157813636851852 0.120523338405728 0.924660224215366 1.23909029917311 0.44695686865598 12 11 1 0.933012701892219 0.618374097415386 0.558845792532881 0.898956986702098
"X70" 13.6834 53.8662 -0.370409044391739 0.0230848184722222 -0.393493862863961 0.82715867569522 1.8551409593156 0.40876111335267 12 11 1 0.933012701892219 0.856047905518339 1.15892281495825 0.770017725828884
"X71" 10.9143 51.1001 -0.0494082834190078 -0.581611255357143 0.532202971938135 0.828993718128036 2.85066924784058 0.366210963283431 1 9 4 0.25 0.710488912260802 2.02658859267927 0.522350579979824
"X72" 13.5126 50.95 -0.150059912389046 -0.465515049242424 0.315455136853378 0.792653720768901 1.55354109768026 0.31842736834577 12 11 1 0.933012701892219 0.678986300504951 0.706426467060586 0.961901112250591
"X73" 10.453 51.0792 -0.100670030754891 -1.53004676794872 1.42937673719383 0.680297212937209 2.8381961343318 0.4653755001902 12 11 1 0.933012701892219 0.713808327324558 0.66747844395293 0.932943808634827
"X74" 13.5224 50.8931 -0.146562337898283 -0.70454895 0.557986612101717 0.830341853524585 3.14010048384958 0.3512480391532 12 8 4 0.25 0.675239893893327 2.39608259833591 0.487634046217449
"X75" 13.3047 49.0996 -0.16523036863718 0.778350878333333 -0.943581246970513 0.240569718854545 1.19953427354089 0.163455009237905 12 1 1 0.933012701892219 0.707262024292723 0.455726014591607 0.575828336118485
"X76" 10.3678 51.3282 0.0725687378756482 -1.62475388229167 1.69732262016732 0.620799137048925 2.82013677238029 0.452880854770939 1 11 2 0.75 0.612553533430972 0.763975557663758 0.820203574611651
"X77" 13.7213 50.7867 -0.207757993423857 -1.00934802380952 0.801590030385667 0.660644890686276 1.45992429510967 0.47001365626399 12 12 0 1 0.746080474465615 0.53489922427298 0.673810963713742
"X78" 6.3041 50.6219 -0.118573022594083 -0.405612435416667 0.287039412822584 0.792495517678976 1.66461095925328 0.259572156751232 1 12 1 0.933012701892219 0.542197046164936 0.705484084695534 0.793379274235284
"X79" 6.4472 50.8659 -0.0961018787713384 -1.62938138125 1.53327950247866 0.64954487657122 2.80458786560039 0.454187639652837 1 3 2 0.75 0.553262454252702 2.25902419505428 0.469969322312824
"X80" 6.4497 50.8706 -0.21048445613161 -1.83453845 1.62405399386839 0.594029486049681 3.03775371023729 0.377496857475827 1 11 2 0.75 0.470902272488117 2.54212218988358 0.442745496574508
"X81" 11.3275 47.8064 0.0395232697751656 -0.951945868888889 0.991469138664055 0.254057112233489 1.10742300044379 0.216439813811857 1 12 1 0.933012701892219 0.393755954079768 0.477607040888161 0.838982849789755
"X82" 14.0337 51.8923 -0.315824839666276 -1.45512088333333 1.13929604366706 0.635478462446084 1.87776416313727 0.473668901828664 12 11 1 0.933012701892219 0.990897981551613 1.17573744620484 0.854523295574857
"X83" 13.5652 50.9624 -0.0486618075480786 -1.70677851855263 1.65811671100455 0.392381534555975 1.29178844612453 0.482470385596416 1 12 1 0.933012701892219 0.678941535802374 0.653657471162649 0.962057644873971
"X84" 12.889 53.8759 0.0501562857612895 0.1764006125 -0.126244326738711 0.802132805367994 1.19877591517915 0.123240416881341 1 10 3 0.5 0.684668951204837 0.339988022391551 0.36283643004499
"X85" 12.1918 55.6905 -0.258609822208214 -0.506576002083333 0.247966179875119 0.777357419352579 1.59469455000035 0.197957254922594 12 12 0 1 0.807120911735983 0.647244543860823 0.781132287066276
"X86" 9.5872 56.4842 0.38011962536816 -0.0682821666666667 0.448401792034827 0.771751338188918 1.22422937158243 0.492935471616452 12 11 1 0.933012701892219 0 0 NA
"X87" -51.3861 64.1308 0.0128253434516148 0.0841272773809524 -0.0713019339293376 0.876362625974412 0.520550640117501 0.381552842670205 11 9 2 0.75 0.0586131664864185 0.373575805152028 0.430373282301792
"X88" 11.6446 55.4859 -0.0369476337966451 -0.568312193859649 0.531364560063004 0.82123309229115 2.22563796352458 0.438268110971607 1 11 2 0.75 1.09774601314096 0.872991414276414 0.773017655987735
"X89" -20.5545 74.4814 0.00136623220518392 -0.230443428354167 0.231809660559351 0.797173762099585 1.0124124711885 0.371569107453603 7 9 2 0.75 0.00139051582341748 0.576845586011902 0.368767303090645
"X90" -20.5503 74.4733 -0.00125017767091071 0.0870522694444444 -0.0883024471153551 0.751413578998363 0.30666230438567 0.370633698155287 10 10 0 1 0.015260885409599 0.212673199205564 0.395247726513264
"X91" -2.2523 36.8336 0.0818313916816402 0.715059593055556 -0.633228201373915 0.45980236436085 0.882937374069608 0.338460881157035 7 6 1 0.933012701892219 0.237131129178601 0.567202386673752 0.558819619983423
"X92" -2.9658 37.0979 -0.0243202912865207 -0.335157491666667 0.310837200380146 0.593008644673382 0.865265058335152 0.233495797194764 9 12 3 0.5 0.305277998766893 0.304516528176783 0.997502535164963
"X93" -2.7521 36.9266 -0.0335893298520213 -0.0666377719166667 0.0330484420646454 0.940845800534612 0.637132575641719 0.308651857153543 8 9 1 0.933012701892219 0.340462463231838 0.423131418095467 0.822526825394593
"X94" 24.2948 61.8474 -0.0306413234698956 -0.669250847105263 0.638609523635367 0.657276869587123 0.993634839679832 0.520509065079506 12 11 1 0.933012701892219 0.326161365440403 0.724553915604173 0.57703908330889
"X95" 23.5135 60.8986 -0.125641678569142 0.436780560416667 -0.562422238985808 0.499313747133208 1.48604969259749 0.159600062082673 12 10 2 0.75 0.300540026363948 0.523890483556404 0.652900565965296
"X96" 23.9595 60.6418 -0.0693587653790525 0.309707822916667 -0.379066588295719 0.772514427587858 1.51736787116828 0.355877611979099 12 9 3 0.5 0.335505433287304 0.940830677476621 0.525505586229471
"X97" 24.2092 67.9972 -0.0210521303323107 -0.137257543055556 0.116205412723245 0.893434686223401 0.803183795979287 0.458942139938608 11 5 6 0 0.114714292391748 0.217428570442774 0.623501132493731
"X98" 26.6386 67.3624 -0.0174643945091014 0.263060752738095 -0.280525147247197 0.696050915297983 1.41350517610601 0.161102501663896 12 9 3 0.5 0.215583397015736 0.306217819832789 0.743802127808052
"X99" 2.7801 48.4764 -0.110975640523003 -1.72670121166667 1.61572557114366 0.609493329390695 2.27881894317771 0.497416595001145 2 11 3 0.5 0.995302963201773 0.696994416492418 0.651816150118282
"X100" 1.9519 48.8442 -0.0907880601792183 -1.46470221969697 1.37391415951775 0.668199941261148 3.44002637070806 0.364416611814508 2 10 4 0.25 0.819696564219085 2.52144318119796 0.509202368006354
"X101" -0.7693 44.7171 -0.0638887478018607 -1.08494485384615 1.02105610604429 0.527410227451958 1.42493836015527 0.409490140668393 1 11 2 0.75 0.605771412128277 1.05865132212549 0.651948641559677
"X102" 3.5957 43.7413 -0.095918588780805 -0.624496288111111 0.528577699330306 0.552689416033841 1.18278660730921 0.26531131368613 12 10 2 0.75 0.423906294583276 0.53364243580519 0.814129296345158
"X103" -52.9249 5.2788 -0.109062307212577 -0.444749294924242 0.335686987711666 0.644778249195341 1.62632926694397 0.119298616122877 10 8 2 0.75 0.796279367283013 0.604575740294738 0.728266767651503
"X104" -2.6942 5.2685 0.238354737089241 -1.88788795 2.12624268708924 0.145617640192655 1.15809983171597 0.35012898707736 2 5 3 0.5 0.615410253221624 1.04748789341608 0.662000221735547
"X105" 14.9574 40.5238 -0.147593654605904 -0.596220708333333 0.448627053727429 0.874715720184028 3.70223095033177 0.331333327377522 8 9 1 0.933012701892219 0.645102204848407 2.68143507971979 0.467938197803479
"X106" 12.0266 42.3804 -0.16191973754682 -1.00664466875 0.84472493120318 0.627058802512391 1.47834387606138 0.441846495699085 8 11 3 0.5 0.40217919543249 1.19898066927017 0.514496905434488
"X107" 12.026 42.3772 -0.161933283158096 -0.0467405708333333 -0.115192712324762 0.947706302229771 2.34778681022061 0.33464099375478 8 8 0 1 0.402157925899665 1.6378369555346 0.470265476667975
"X108" 12.0222 42.38 -0.162019072029506 -1.24322871666667 1.08120964463716 0.636641180764307 2.40403776539761 0.366408642013916 8 11 3 0.5 0.402023774470339 1.84876958872184 0.457240748305535
"X109" 13.5881 41.8494 -0.202708738728859 -2.24870651052632 2.04599777179746 0.573661239053157 3.49795452125085 0.38670847017843 8 11 3 0.5 0.633280655082231 2.09577647481441 0.497664034887706
"X110" 12.3573 41.7043 -0.0623308753155083 -1.90614889444444 1.84381801912894 0.200381483307742 1.36080438518707 0.305313247669318 8 11 3 0.5 0.354893627807031 0.655804273026658 0.632014998083518
"X111" 12.3761 41.7053 -0.282315033695139 -1.51056217074167 1.22824713704653 0.305263246809611 1.3677597644583 0.266772071578344 8 11 3 0.5 0.516323841647268 0.756860403535032 0.727742241217658
"X112" 8.6336 45.8126 -0.208506665819352 -0.138298041666667 -0.0702086241526851 0.974700851018514 1.8531289278566 0.508467910385844 12 12 0 1 0.19685157132922 0.795681561797874 0.471139967055041
"X113" 11.2853 45.9542 -0.312575415660191 -3.70730123333333 3.39472581767314 0.281641892537839 2.52813346662761 0.389203189075625 12 12 0 1 0.358414477763843 2.19017227509309 0.433287718697052
"X114" 11.2813 45.9562 -0.0698338218381903 -5.02452513194444 4.95469131010625 0.168420786735973 2.19672116686592 0.453955574070418 12 1 1 0.933012701892219 0.641308983627849 0.876695562851426 0.764530811597933
"X115" 11.0458 46.0147 -0.0581280309271169 -0.117961915909091 0.059833884981974 0.963315543535403 1.62257750206928 0.362940492775642 12 12 0 1 0.65333670665838 0.640092625932048 0.979521705973183
"X116" 8.1512 40.6062 0.04131135513626 -0.570957605045455 0.612268960181715 0.618811034302625 1.44487391997754 0.322184403262685 8 9 1 0.933012701892219 0.574714706222866 0.603842033070233 0.952908238805564
"X117" 9.061 45.2009 0.187548240507744 -1.48406637777778 1.67161461828552 0.568097204768887 2.3560307498373 0.450686860559231 12 12 0 1 0.150920373011367 0.719551120337677 0.453727896205202
"X118" 11.4337 46.5869 -0.102098673760946 -1.37875725055556 1.27665857679461 0.539777481490979 1.75111354431231 0.429235433489722 12 12 0 1 0.548425218720226 1.40522781369421 0.543500285479847
"X119" 11.93 42.4081 -0.282330528493942 -0.698646350935185 0.416315822441243 0.832789189909864 1.82004632820868 0.449361506453834 8 12 4 0.25 0.571381711226157 1.17272951251235 0.598830785632168
"X120" 11.9209 42.3903 -0.200657712011735 -1.8503788 1.64972108798827 0.598052849993266 2.76862438161106 0.422003336962979 8 12 4 0.25 0.458188024333194 1.25429796629603 0.530091524847964
"X121" 10.291 43.732 -0.0876340706431246 -0.970367693333333 0.882733622690209 0.487278098208743 1.21300781965555 0.372356400501747 8 11 3 0.5 0.336761369853384 0.659472997091576 0.613026110162296
"X122" 10.2844 43.7279 -0.100847299638288 -1.08348395916667 0.982636659528379 0.489820615463378 1.23901622060066 0.406597479814908 8 10 2 0.75 0.473519048568704 0.93977391490297 0.608879349292395
"X123" 7.5781 45.8444 -0.0967608327822538 -0.371372222619048 0.274611389836794 0.883562158197412 1.56300953022159 0.494307253854939 1 12 1 0.933012701892219 0.365553775171153 1.38202977741212 0.479268158657978
"X124" 102.3062 2.973 -0.0236787479841708 -2.71316311904762 2.68948437106345 0.0102455536962999 0.728656998576495 0.289066700433321 3 3 0 1 0.299852877304738 0.52826582753142 0.648961038865576
"X125" 5.0713 52.2404 -0.126771214930985 -0.755055375 0.628284160069015 0.648073045606512 1.07473337340957 0.476175224869992 12 11 1 0.933012701892219 0.606241171551307 0.637474830174082 0.952185025297888
"X126" 5.7436 52.1666 -0.13022102504906 -1.12326083776316 0.993039812714098 0.489292372941056 1.16419953163151 0.432576236869118 12 12 0 1 0.715615447116251 0.669369928972744 0.933244427569262
"X127" 15.923 78.186 NA NA NA NA NA NA NA NA NA NA NA NA NA
"X128" -79.6346 9.3181 -0.229466845336414 -1.64301400083333 1.41354715549692 0.365705558800075 1.43645132973921 0.359793105770236 4 5 1 0.933012701892219 0.383496313320368 1.06583357487602 0.527191622167617
"X129" -79.6314 9.3138 -0.229315754495516 0.882027069444444 -1.11134282393996 0.409187865025229 0.973249050725852 0.457240442668123 4 4 0 1 0.383981033707436 0.484456611476094 0.812695720778935
"X130" 161.3414 68.613 0.00465423961926172 -0.185655920208333 0.190310159827595 0.826073013538767 0.912581136425572 0.400022337959227 10 9 1 0.933012701892219 0.0865880688747587 0.77543608030227 0.411339533101708
"X131" 147.4943 70.8291 0.00612358238484804 -0.388356511515151 0.3944800939 0.685739167963131 0.934520655262569 0.409130336613342 6 10 4 0.25 0.125789055523895 0.747841637969002 0.435266321197746
"X132" 32.9221 56.4615 -0.0992062348646883 0.38509445 -0.484300684864688 0.631676131047055 1.73629393116958 0.192637735774137 12 10 2 0.75 0.439462744643116 0.64510300768938 0.727041873896158
"X133" 90.0022 54.7252 0.0962210199306264 -0.42409775 0.520318769930626 0.474424636429587 1.22920379472955 0.171781255114001 4 12 4 0.25 0.253985460540159 0.465189661934498 0.635071682116215
"X134" 126.4958 72.3738 -0.0283675655202905 -0.216817213076923 0.188449647556633 0.652228843997704 0.533010861152179 0.298572003957163 6 10 4 0.25 0.127300425198318 0.346085434940565 0.531437052935222
"X135" 129.168 62.255 -0.0362565056596004 -0.562879089444444 0.526622583784844 0.629223526821805 0.920798187127294 0.444847336688735 10 10 0 1 0.111877926785289 0.267014196515873 0.559336608115609
"X136" 128.8878 71.5943 -0.0220969671686959 -0.160739849333333 0.138642882164637 0.857187064907788 0.85940273827716 0.384730993668324 6 9 3 0.5 0.113609071597653 0.620206333808749 0.441834225174595
"X137" 62.9405 67.0547 0.0976090653176591 0.54331975 -0.445710684682341 0.547823484345877 0.402832532254661 0.580475475253565 5 9 4 0.25 0 0 NA
"X138" 30.4783 13.2829 -0.13413608997379 -0.897669348333333 0.763533258359543 0.661420312974617 1.91885172719815 0.353865517957964 6 1 5 0.0669872981077806 0.22756068416359 1.70294782756185 0.420474061531112
"X139" 19.0503 68.3542 0.0432361608868348 -0.261920386111111 0.305156546997946 0.827051086771446 1.03950296336621 0.523693722155397 4 11 5 0.0669872981077806 0.0919777226875232 0.605340476157669 0.428246542321565
"X140" -15.4322 15.4028 -0.393751592551809 -1.50221310958333 1.10846151703152 0.667980809726431 3.15066621383499 0.317623827222422 6 12 6 0 0.396087834347848 2.53536440263273 0.430083978407168
"X141" -99.42 36.4267 -0.00386102016866166 0.298925690208333 -0.302786710376995 0.765982922871481 1.51253408619306 0.264016196918066 3 9 6 0 0.847995182458725 1.0758880250756 0.809111647047371
"X142" -99.5975 36.6358 0.0208833957029229 0.0835663641666667 -0.0626829684637437 0.92019488103084 1.28872004952431 0.180881033775977 3 8 5 0.0669872981077806 0.833863125012561 0.660213880276938 0.768726767206392
"X143" -98.0402 35.5497 -0.0890533830046793 -0.0593761791666667 -0.0296772038380127 0.985452625818466 2.5516635026152 0.283660013291003 2 11 3 0.5 1.08396370055163 0.822742361521101 0.727966115164975
"X144" -98.04 35.5465 -0.0889761284969608 0.0128227083333333 -0.101798836830294 0.939601149187106 2.06712364049185 0.282223029473868 2 11 3 0.5 1.08265983749639 0.523496173253026 0.343649429647487
"X145" -97.4888 36.6058 -0.172490722489894 -0.116188891666667 -0.0563018308232269 0.966259055161724 2.25025044276607 0.253644631862445 1 8 5 0.0669872981077806 1.02466763805814 0.971590426427312 0.946836165913866
"X146" -157.4089 70.4696 -0.00521933634919101 -0.0532163120833333 0.0479969757341423 0.913424961893068 0.474959906811983 0.408163027132617 10 9 1 0.933012701892219 0.0795146495701848 0.358779945542707 0.459151583128358
"X147" -120.6328 38.8953 -0.0178387101110471 -1.06617171060606 1.04833300049501 0.47932862305715 1.74193896264276 0.294667072444139 7 11 4 0.25 0.257286397305628 1.23729216609395 0.452912251836038
"X148" -109.39 38.09 -0.062845052781879 -0.100929732833333 0.0380846800514543 0.858128509091999 0.350831998490179 0.244281836888603 7 8 1 0.933012701892219 0.153204490320141 0.160804382245405 0.95383772510539
"X149" -83.3471 41.6285 0.122768598794709 -0.23627675 0.359045348794709 0.88600430580694 3.23413613251305 0.33614225919663 1 10 3 0.5 1.06877937802555 2.57421968565879 0.55720936404795
"X150" -106.2397 41.3658 -0.0357152450156953 -1.35559563888889 1.31988039387319 0.242770591239167 0.821469254465965 0.414340473444378 3 4 1 0.933012701892219 0.188372383872858 0.77329187520952 0.469352139559808
"X151" -106.2399 41.3665 -0.0545194398218214 0.17811058625 -0.232630026071821 0.81751809849471 0.913159794269306 0.45343965487766 3 2 1 0.933012701892219 0.278026790545552 0.755977705155636 0.531406056070204
"X152" -89.8735 34.2547 -0.535852913835233 -0.74018169 0.204328776164767 0.861716638250334 2.02014960422724 0.229595885481429 1 11 2 0.75 1.22986532665433 1.16133050753413 0.942693522205267
"X153" -72.1715 42.5378 -0.23391507909147 -0.509726289015151 0.275811209923682 0.913798638094935 1.60867264372351 0.591098755444519 4 11 5 0.0669872981077806 0.324251737988861 1.31196398094287 0.471022167235358
"X154" -88.241 41.8406 -0.0526739200237414 -0.4437659875 0.391092067476259 0.815440315166869 1.85197503541317 0.380545906893193 4 11 5 0.0669872981077806 1.27119914136028 1.13291592014629 0.88509564869517
"X155" -155.7503 68.4865 -0.0275616083637287 -0.04480041875 0.0172388103862713 0.977074898898657 0.6620314757534 0.410387338123945 10 9 1 0.933012701892219 0.0941784509957036 0.249358434464434 0.536699483406909
"X156" -80.6709 28.4583 -0.52199938509288 -0.828925083333333 0.306925698240454 0.579972650024306 0.512791771320432 0.402454185609249 8 10 2 0.75 0 0 NA
"X157" -80.6715 28.6086 -0.136762379443929 -0.810289233333333 0.673526853889404 0.355652076630598 0.750464374664464 0.316037493683839 8 8 0 1 0.243120498563715 0.460247627670108 0.623902271600185
"X158" -119.8423 36.3566 -0.0897434945293247 -0.828602416666667 0.738858922137342 0.0770520119353959 0.756419288623759 0.0724980489439745 8 7 1 0.933012701892219 0.0713139894854641 0.165295651747104 0.566336385255438
"X159" -89.9792 46.0827 -0.0832331444877158 -0.111398319621212 0.0281651751334963 0.98089137653551 1.44344366195515 0.372030361481953 12 10 2 0.75 0.454748927710279 1.02766239338276 0.572643508394801
"X160" -97.9789 34.9604 -0.4050007351485 0.6849876125 -1.0899883476485 0.377328152285123 0.905411608057571 0.445037743818751 2 8 6 0 1.03844053699328 0.78688132024939 0.726373137394563
"X161" -121.5 44.5794 0.0813725072491599 -0.281111225 0.36248373224916 0.410886129373019 0.812907454105779 0.136059935926088 8 8 0 1 0.160299107092201 0.385269778473207 0.557702154357937
"X162" -121.5574 44.4523 0.00968513469311679 -1.50914221410256 1.51882734879568 0.378754290506601 1.22990878197319 0.455579729737827 8 12 4 0.25 0.325205515061871 1.00287134730068 0.508787116107952
"X163" -121.6078 44.3154 0.0240280523788176 -0.242823141944444 0.266851194323262 0.642261380117691 0.67649823311432 0.325482383814091 8 8 0 1 0.285857135848053 0.434552050381708 0.710220526890692
"X164" -121.6224 44.4992 0.0126630595185368 -2.11957537166667 2.1322384311852 0.306169656763032 1.81175014083283 0.365784362716491 8 1 5 0.0669872981077806 0.298139955665275 1.67333597786479 0.439626844166204
"X165" -121.5668 44.4372 0.0558235600984369 -0.5631605 0.618984060098437 0.424898735368456 0.789302027254467 0.335741845040351 8 12 4 0.25 0.167843298147914 0.363135063406551 0.584035363638629
"X166" -121.6078 44.3233 -0.0241185202719707 -0.737241266666667 0.713122746394696 0.474379951793597 0.740621082821788 0.46093279713267 8 8 0 1 0.354733852950077 0.570059723047373 0.685418891370474
"X167" -86.4131 39.3232 -0.168730605877959 -1.14973372916667 0.981003123288708 0.707477061645531 1.98275321394606 0.4968740716636 4 11 5 0.0669872981077806 1.12203739034752 0.608345117103279 0.429811173580251
"X168" -121.7651 38.0498 -0.0812893123498272 -0.189595979166667 0.108306666816839 0.951741104413906 2.70999662227566 0.290073825883701 8 2 6 0 0.325987690108857 1.12793732828348 0.49115880913175
"X169" -96.4766 41.1651 -0.116705031886071 -0.698031777564103 0.581326745678031 0.870770209638974 3.98070483086422 0.387688050971442 4 5 1 0.933012701892219 1.41539963662733 1.82157182851596 0.800131683887714
"X170" -96.4701 41.1649 -0.116624037253952 -0.646419123717949 0.529795086463997 0.873691874508315 3.74383432846477 0.385127268599269 4 5 1 0.933012701892219 1.41610676446108 2.20727664307022 0.698767564346953
"X171" -96.4397 41.1797 -0.115116753572006 -0.434404346153846 0.31928759258184 0.910208520118542 3.2762577799959 0.380836550281769 4 10 6 0 1.41213227862855 2.02482770371529 0.738900958580556
"X172" -105.5464 40.0329 -0.0498122023261988 -0.396145892156863 0.346333689830664 0.711095385083768 0.806705801321901 0.451959505372295 3 11 4 0.25 0.304211558779697 0.445986178654616 0.727682709129763
"X173" -83.8438 41.5545 -0.187701102883875 -2.29021152333333 2.10251042044946 0.534902881594549 2.38584891339532 0.49165077347979 12 4 4 0.25 1.13745393352476 0.68976130041574 0.52253963692616
"X174" -83.0183 40.0201 0.794548708504771 -0.537740791666667 1.33228950017144 0.436560426346141 1.0583298821669 0.517681080058159 4 3 1 0.933012701892219 0 0 NA
"X175" -147.4876 65.1237 -0.0363500831178047 -0.19903809 0.162688006882195 0.781994446223468 0.799065573265866 0.298850811741248 10 10 0 1 0.146610628254236 0.395377439543939 0.533024345650997
"X176" -110.8395 31.9083 -0.0267385435510149 -0.136390622261905 0.10965207871089 0.700391038499405 0.384445172572852 0.286917504721325 6 7 1 0.933012701892219 0.301893381481146 0.260176949766645 0.851855223878407
"X177" -110.8277 31.7894 -0.0240716418816361 -0.0279872857142857 0.00391564383264963 0.99365118193027 0.648231217329409 0.348404336752022 6 6 0 1 0.303969619376226 0.483058081447961 0.690224077944013
"X178" -110.8661 31.8214 -0.00489129089076842 0.100566137954545 -0.105457428845314 0.800503528284874 0.544545249700299 0.316957951021955 6 7 1 0.933012701892219 0.275345731172271 0.341319387642595 0.82424283167738
"X179" -89.3477 46.242 -0.117545161778098 -0.266457485681818 0.14891232390372 0.905101492940531 1.43991732581153 0.38131296030217 12 10 2 0.75 0.321022432330953 1.15245239905962 0.486049851539078
"X180" -120.966 38.4316 -0.030189921938836 -0.39089866547619 0.360708743537354 0.721902756501209 1.28740275675049 0.312534118434948 7 11 4 0.25 0.286037488442595 0.620608119758835 0.583272215694699
"X181" -121.6469 38.1074 -0.047613299159343 -2.59942747222222 2.55181417306288 0.532598520855585 4.41390627176893 0.33631824946481 8 12 4 0.25 0.28676526347895 3.13015867738245 0.403174281842449
"X182" -121.6433 38.1047 0.0372011487054071 2.25493220833333 -2.21773105962793 0.339226206612563 2.33082964402936 0.321029957848927 8 11 3 0.5 0.200864815310634 1.73533749077763 0.413023706189271
"X183" -121.6467 38.1159 -0.0756965010396648 -1.95556345833333 1.87986695729367 0.597315662506308 3.46875882446172 0.38640974498898 8 12 4 0.25 0.320767798214834 2.45889918745669 0.419140869753343
"X184" -121.6414 38.103 -0.0755103898447825 1.55885258333333 -1.63436297317812 0.245855748117742 1.5603840936529 0.261975700820553 8 6 2 0.75 0.320557043998702 1.02043822047379 0.503655211033027
"X185" -121.653 38.1087 -0.0851601553458192 0.298394376388889 -0.383554531734708 0.907333370634516 4.58524359293125 0.312694114119284 8 4 4 0.25 0.293883180082635 1.78504635351516 0.433716649989502
"X186" -84.7138 45.5598 NA NA NA NA NA NA NA NA NA NA NA NA NA
"X187" -84.6975 45.5625 NA NA NA NA NA NA NA NA NA NA NA NA NA
"X188" -120.9507 38.4133 -0.0329883177244704 0.0860657721666667 -0.119054089891137 0.907473560409884 1.05624202176068 0.422576315666797 7 11 4 0.25 0.281962002531338 0.711278388490008 0.546848114932728
"X189" -90.0799 45.8059 -0.0501902907849857 -0.651844678038462 0.601654387253476 0.791829962331302 1.57550032880487 0.542695476591397 12 10 2 0.75 0.437092905757508 1.20139273489393 0.52931150293379
"X190" -110.0522 31.7438 -0.00737405370038902 0.0710250566666667 -0.0783991103670557 0.779424602854901 0.525886822913118 0.187949261555503 6 7 1 0.933012701892219 0.334750788228893 0.226313570311454 0.619312124325541
"X191" -91.0814 46.6188 -0.195572568596192 -2.10694833333333 1.91137576473714 0.262298748259934 1.33798554038817 0.391877662961629 12 12 0 1 0 0 NA
"X192" -91.2329 46.7305 0.0494700295350961 0.90713525 -0.857665220464904 0.508648965398503 1.25500926515376 0.371882631489156 11 1 2 0.75 0 0 NA
"X193" -91.1528 46.6869 0.0402852481544352 -4.2267265 4.26701174815444 0.123197590943605 2.28826864886384 0.325325136921028 11 12 1 0.933012701892219 0 0 NA
"X194" -91.0987 46.6347 -0.185714844768341 -2.37492269166667 2.18920784689833 0.476577008560173 1.46804223647927 0.608361902369112 12 3 3 0.5 0.142955989643063 0.498331257710855 0.490107463572231
"X195" -91.1663 46.7393 -0.05270436330787 -3.49138333333333 3.43867897002546 0.101155919792202 1.07107670795384 0.48986404504624 3 11 4 0.25 0.222185655535631 0.688852123677347 0.507907862102862
"X196" -91.0858 46.6531 -0.179230252906191 -1.50439658333333 1.32516633042714 0.414822814434152 0.774379046841976 0.59798846964552 2 10 4 0.25 0 0 NA
"X197" -91.2982 46.6249 -0.0551665814652672 -0.457572508333333 0.402405926868066 0.685237991959358 0.979627470402385 0.398444751290864 11 10 1 0.933012701892219 0.156193358782776 0.626162775055178 0.472104601795358
"X198" -91.0693 46.6491 0.0901900737894426 -0.840400808333333 0.930590882122776 0.285798832772758 1.02361863483121 0.252165002635494 3 11 4 0.25 0 0 NA
"X199" -91.2524 46.7223 -0.168704416038529 0.690723441666667 -0.859427857705196 0.201718929171303 1.41277512145554 0.0719621343189991 12 5 5 0.0669872981077806 0 0 NA
"X200" -91.0814 46.6188 -0.0434747535461324 -1.15111945833333 1.1076447047872 0.358010506462534 0.97960954161598 0.403145643730477 2 12 2 0.75 0.253961751202039 0.526045786386132 0.596172629936404
"X201" -109.9419 31.7365 0.00433508023611776 -0.0220926353333333 0.0264277155694511 0.946992332016711 0.605599870145511 0.287059113646159 6 7 1 0.933012701892219 0.334952523186896 0.377471266585453 0.89347135294428
"X202" -82.9962 41.4646 0.157097092299858 0.5530135 -0.395916407700142 0.675917865601849 1.62608829008648 0.200146842936918 4 4 0 1 1.14857974397569 0.44724792330605 0.208439747749105
"X203" 31.4969 -25.0197 0.0791921607836696 0.0505382052380952 0.0286539555455743 0.975507195821866 1.39126626031556 0.299982420551093 10 9 1 0.933012701892219 1.03766731565827 0.915820442909773 0.875424223156329
"X204" 23.2528 -15.4378 -0.200719950782703 0.486775983333333 -0.687495934116036 0.523495246509754 1.37710173859211 0.273503476223769 11 10 1 0.933012701892219 0.20848271186609 0.893934520275331 0.464506011171572
