"lon" "lat" "mod.mean" "ref.mean" "bias" "bias.score" "crmse" "rmse.score" "mod.max.month" "ref.max.month" "phase" "phase.score" "mod.iav" "ref.iav" "iav.score"
"X1" -66.4598 -33.4648 1.48242561537685 6.23457305555556 -4.75214744017871 0.227377132418985 2.96745870408966 0.39657305720221 1 1 0 1 0.116422661804658 3.0287555978096 0.382295697509212
"X2" -56.1886 -28.2395 5.74470915521679 5.80419527777778 -0.0594861225609842 0.982373038995209 3.25010625754651 0.378453370546837 12 2 2 0.75 0.239424463160674 2.90682719047825 0.399463154438538
"X3" 11.3175 47.1167 3.65017299745185 4.50809140151515 -0.857918404063302 0.766373434735392 1.7053935650589 0.589233681899738 7 6 1 0.933012701892219 0.307285648372755 1.10197893958688 0.486192292463418
"X4" 131.1178 -13.0769 3.1757498164385 3.56882069444444 -0.393070878005949 0.846813968595377 2.06681302381653 0.417158271569709 2 1 1 0.933012701892219 0.136148942345562 1.74413563228872 0.397747054670463
"X5" 133.249 -22.283 0.808810945694915 0.798794398333333 0.010016547361582 0.987341617247617 0.6901243825087 0.415733986297022 2 3 1 0.933012701892219 0.11424405987032 0.615180756400878 0.442952878785196
"X6" 140.5891 -34.0021 1.23183099796041 1.13906933333333 0.0927616646270737 0.902407159133608 0.991810052520549 0.333551386795713 11 1 2 0.75 0.31719766269322 0.698190303535796 0.579444175778448
"X7" 150.7236 -33.6152 3.99419095360364 2.81863555555556 1.17555539804808 0.392318503057021 1.17748888566087 0.391715206453658 1 12 1 0.933012701892219 0.170104627929221 0.959060952405857 0.439273002985436
"X8" 131.3181 -14.0633 2.78769635663138 3.20517860714286 -0.417482250511477 0.856861448327045 2.1084058709946 0.458330947718417 2 1 1 0.933012701892219 0.234063508074363 1.60128123995435 0.42578218816929
"X9" 131.3881 -14.1593 2.7225448232174 3.70394395238095 -0.981399129163555 0.595581694023248 1.46928945643824 0.460316176680197 3 2 1 0.933012701892219 0.248682627025732 1.26200230256889 0.44800719789953
"X10" 132.3706 -15.2588 2.42043187327495 2.55377094047619 -0.133339067201244 0.914438147628775 1.21383520487237 0.442969109278146 2 3 1 0.933012701892219 0.280657943372899 1.11558132456597 0.473113479157488
"X11" 148.4746 -23.8587 1.81984418873489 1.31512641666667 0.504717772068228 0.440363221435721 0.766105458072841 0.287968353843891 2 2 0 1 0.34484733403053 0.420280553833719 0.835702147499826
"X12" 131.3072 -12.5452 3.61315494217251 1.61941902777778 1.99373591439474 0.0721997075391741 0.632794344784116 0.434219306911077 3 1 2 0.75 0.223156867557241 0.411177991538967 0.633006689094525
"X13" 115.7138 -31.3764 1.64231776786022 2.26318645833333 -0.620868690473112 0.405580315759882 0.540515492625578 0.45582673678557 1 11 2 0.75 0.255485353332347 0.388522454560088 0.710051305786136
"X14" 120.6541 -30.1913 0.500308466442669 0.9663467 -0.466038233557331 0.391829155426762 0.457713978716729 0.398441667619283 11 1 2 0.75 0.0522436155816424 0.299774366153343 0.437918026965829
"X15" 131.1523 -12.4943 3.68217011258918 3.69841538095238 -0.0162452683631966 0.991437319584902 1.52257099808431 0.446648201598557 3 1 2 0.75 0.252227497251623 1.30631659822197 0.446231669565901
"X16" 140.6551 -34.4704 1.42021367563708 3.63482041666667 -2.21460674102959 0.29396487358228 1.52594513909148 0.430166006238221 11 1 2 0.75 0.169002667508265 0.903624093369998 0.443537744167605
"X17" 132.4776 -14.5636 2.72187070201601 2.65111908333333 0.0707516186826767 0.961378454072239 1.54427663087993 0.42329224960711 3 3 0 1 0.173186386524807 1.39107530137632 0.416652895416126
"X18" 145.5759 -36.6499 2.77487821910462 2.470431 0.304447219104623 0.765199439290096 1.62474187049536 0.239740137549989 1 9 4 0.25 0.175094390282641 0.940848497690936 0.443127668853462
"X19" 145.6301 -17.1175 3.69688854970921 4.3876775 -0.690788950290787 0.572366046153878 1.09585426138869 0.412646809547427 1 2 1 0.933012701892219 0 0 NA
"X20" 133.3502 -17.1507 1.56791032437639 1.04311097619048 0.524799348185917 0.545273757563016 0.703095710418174 0.443743007209115 3 4 1 0.933012701892219 0.180742801384996 0.543362859266599 0.513059932280083
"X21" 133.64 -22.287 0.855295671971462 0.627567444444444 0.227728227527017 0.628633078021687 0.384340008905699 0.456827540436967 2 12 2 0.75 0.0929213119513853 0.338841765549475 0.483952831752486
"X22" 148.1517 -35.6566 3.14315642082438 6.47479268452381 -3.33163626369943 0.295397295559758 2.18807828553161 0.448936915991195 1 12 1 0.933012701892219 0.216362046447582 1.92179228047686 0.411718041793839
"X23" 145.1878 -37.4259 3.19522726710334 2.4264151875 0.768812079603342 0.600855874376042 1.37837514705299 0.40120409524244 1 12 1 0.933012701892219 0.153018609143925 1.25230617170105 0.415692055278741
"X24" 145.0294 -36.6732 2.58663413942235 2.09013939583333 0.496494743589017 0.467588931351057 0.522347029506143 0.449442546007355 1 12 1 0.933012701892219 0.163556822169766 0.364746296340311 0.576034666384769
"X25" 144.0944 -37.4222 2.67817371478496 3.68932166666667 -1.0111479518817 0.515969101633121 1.12982928319845 0.477412202258001 1 11 2 0.75 0.193689472324749 0.972990645556952 0.448909540529914
"X26" 146.2907 -34.9893 1.28644047005041 0.587104722222222 0.699335747828189 0.0451317736709748 0.41677137722805 0.157809985785105 12 12 0 1 0.284874822193088 0.180452552929972 0.56064417783233
"X27" 4.5198 51.3076 3.96560543416931 3.95124201111111 0.0143634230581968 0.990953519911485 1.59698576362551 0.364072262620455 7 6 1 0.933012701892219 0.385013021649996 1.25528500339054 0.499930410750641
"X28" 4.7461 50.5516 3.9175122119685 2.74636112878788 1.17115108318062 0.565745780651496 1.40765170734039 0.504273350106799 7 7 0 1 0.367357617160083 1.30007000725047 0.48800363015144
"X29" 5.9981 50.305 3.96638642317984 3.59012044298246 0.376265980197383 0.829103333468292 1.01827895431077 0.602188851823974 7 6 1 0.933012701892219 0.362525518972421 0.927907098142144 0.543726786457125
"X30" -54.9589 -2.8567 7.25763554408504 10.8266182407407 -3.5689826966557 0.227845312319098 2.40359063812295 0.369310845287274 8 3 5 0.0669872981077806 0.243341866063517 2.35847477275955 0.407863647444037
"X31" -54.9714 -3.018 7.62413078467723 9.15013433333333 -1.52600354865611 0.490594225391775 2.11131137901049 0.373333672424037 8 2 6 0 0.165891004150902 1.90588397145926 0.401335116909144
"X32" -82.1556 48.2167 3.19404750069662 2.66912638194444 0.524921118752172 0.805836493343199 1.17610553649757 0.616513680532011 7 7 0 1 0.30627895981676 1.11205319382393 0.484526838162363
"X33" -98.4808 55.8796 2.34769357229845 1.79255075622222 0.55514281607623 0.732663891169744 0.945306718880925 0.588786106864504 7 8 1 0.933012701892219 0.188548079766034 0.851867304152763 0.459018408169364
"X34" -98.4839 55.8792 2.33341898630133 1.76246485416667 0.570954132134663 0.688082362248557 0.506853767049972 0.717576733281485 7 8 1 0.933012701892219 0.131798557104843 0.35077124109423 0.535657318827867
"X35" -98.5247 55.9058 2.31742102772137 1.45585684166667 0.861564186054706 0.534018359848984 0.699858873984928 0.60074565648398 7 7 0 1 0.129168669238589 0.451923154915377 0.489593406364936
"X36" -98.3822 55.9117 2.30538417688003 1.9602455 0.345138676880029 0.836176881816915 0.933784044518881 0.616275787731609 7 7 0 1 0.127896831056162 0.855492154887161 0.427201654371044
"X37" -98.3806 55.9144 2.3126942695826 0.930004239583333 1.38269002999926 0.318016378864206 1.05210078187554 0.418224547256374 7 7 0 1 0.130705291861269 0.69823779910353 0.443611140930942
"X38" -98.485 55.8631 2.33115757247171 1.99579097 0.335366602471706 0.837029567494382 1.11637644583203 0.553117892185095 7 7 0 1 0.129211970655724 1.04015661300418 0.416538482252334
"X39" -98.9644 55.9167 2.34638363385517 1.07281718166667 1.2735664521885 0.291514954889796 0.899374439060699 0.418746442572724 7 8 1 0.933012701892219 0.133278537759767 0.340542241153728 0.544096602068974
"X40" -99.9483 56.6358 2.17729734531248 1.29895577708333 0.878341568229151 0.455095891711899 0.764123941422028 0.50415313043107 7 8 1 0.933012701892219 0.148003484186684 0.386529019317945 0.539508866041745
"X41" -106.1978 53.6289 2.57145620252266 2.65460941111111 -0.0831532085884517 0.966668145018361 0.840861093733432 0.709777678317279 7 7 0 1 0.207419966452122 0.546611175560085 0.537656868444321
"X42" -105.1178 53.9872 2.77900251567059 2.16467613194444 0.614326383726141 0.7509575935958 0.613095206669874 0.751388758756901 7 7 0 1 0.201500982384101 0.431154942242499 0.587048211927055
"X43" -74.3421 49.6925 2.8594467491352 1.90769521979167 0.951751529343535 0.581203262078503 0.711969746246775 0.666350330738394 7 7 0 1 0.235817028965832 0.491857573123703 0.594188717309648
"X44" -105.8176 54.485 2.91699170211581 3.43971237229167 -0.522720670175852 0.81965958148263 1.37465225104509 0.59275222671497 7 7 0 1 0.169299100233166 1.28354267134921 0.419748255629256
"X45" -105.8775 54.2539 2.86171271462842 3.13393880333333 -0.272226088704915 0.918698950277921 1.78447560574592 0.573582527547614 7 7 0 1 0.176789788692974 1.49842650679907 0.41394739577098
"X46" -106.0053 54.0916 2.78238231137242 1.30039197777778 1.48199033359465 0.264618040573198 1.10435660658558 0.371316984308725 7 7 0 1 0.165474916995409 0.420744404959174 0.545141890744213
"X47" -80.5595 42.6609 3.90100053268754 2.43200813888889 1.46899239379865 0.518495764767816 1.81121166849855 0.444930024127921 7 8 1 0.933012701892219 0.366769735570541 1.49751348434247 0.469972617751253
"X48" -80.4588 42.7744 3.85075614990426 3.75358135 0.0971747999042623 0.966111196946577 2.21783223450477 0.455273154093803 7 9 2 0.75 0.337858978597536 1.6805362379063 0.449797572786323
"X49" -80.3483 42.7068 3.90755617074447 3.09569785972222 0.811858311022251 0.738989253297597 1.3591270613961 0.602681527223149 7 7 0 1 0.357674518061606 1.2878325190878 0.485650388777665
"X50" -80.3574 42.7102 3.90197778298179 3.05940482564103 0.842572957340767 0.712316660233053 1.05914163620199 0.65283780107591 7 7 0 1 0.348724904677277 0.938486383568433 0.533435174300935
"X51" -80.5577 42.6353 3.88841916993082 2.91468205555556 0.97373711437526 0.656107390345309 0.880604086348199 0.683093812587859 7 7 0 1 0.339404531153255 0.683387505459682 0.60450229355725
"X52" 11.6564 -4.2892 5.35004782442132 3.12942264583333 2.22062517858798 0.360252573695907 1.8581589476077 0.42557963252995 4 12 4 0.25 0.113884754166882 1.80382870733458 0.391854381460049
"X53" 8.4104 47.2102 3.42077639934538 5.99465838333333 -2.57388198398795 0.498875920636058 2.30236678337988 0.536847438661832 7 6 1 0.933012701892219 0.271245198840723 1.83294033175695 0.426553981738371
"X54" 9.8559 46.8153 3.49204022847792 2.24007202777778 1.25196820070014 0.37756731993075 1.30121866391996 0.363374143385966 7 8 1 0.933012701892219 0.289043050545794 0.808895164919478 0.525886782999107
"X55" 8.5378 47.1158 3.39609767841918 4.66435316666667 -1.26825548824749 0.671844588968297 2.08079386517979 0.520720219814029 7 7 0 1 0.268258410528504 1.86830616287311 0.424681311324119
"X56" 7.7319 47.2858 3.54340434005122 4.21215683333333 -0.668752493282113 0.756027388155151 1.26547648059672 0.58905692655624 7 7 0 1 0.266805223983889 1.12378918412156 0.466459408696414
"X57" 128.0958 42.4025 3.53869555940052 2.99846897777778 0.540226581622738 0.823034425502522 0.715892082603735 0.77252842614379 7 8 1 0.933012701892219 0.209255443598245 0.566274707917963 0.532341495406651
"X58" 123.5092 44.5934 3.65123908066687 1.5915129375 2.05972614316687 0.282636195384131 1.6691361176394 0.359163803709813 7 7 0 1 0.275114783498156 0.452840425751704 0.675387561637298
"X59" 91.0664 30.4978 0.482581534284488 0.683174004166667 -0.200592469882179 0.741676717766782 0.442512218585746 0.517237644776296 8 8 0 1 0.0115047465161265 0.261263227195805 0.384441009829702
"X60" 112.5361 23.1733 7.11954859772929 3.19748055555556 3.92206804217373 0.0342830117852018 1.48918405745942 0.277829839714011 7 9 2 0.75 0.441608118290153 0.708348701158782 0.686213297269364
"X61" 116.2836 42.0467 2.27529457612185 0.62082505 1.65446952612185 0.14761653693824 1.51102847676075 0.174248992038492 7 8 1 0.933012701892219 0.0897430241727988 0.611457122046037 0.426036234311708
"X62" 116.2809 42.0551 2.13218163514689 0.769344502916667 1.36283713223022 0.0718597029216969 1.55131588605058 0.0499273724991112 7 7 0 1 0.0690492659651454 0.282335744834765 0.469805912593254
"X63" 101.3269 37.6086 0.577708478319088 2.04851243333333 -1.47080395501425 0.472127478331228 1.47930537354095 0.470083818772172 8 8 0 1 0.059793592042377 0.48044128526779 0.41663512755181
"X64" 101.18 37.37 0.618395068303555 1.62808583333333 -1.00969076502978 0.543709300959936 1.1700768883887 0.493549396889248 8 8 0 1 0.0711378339850553 0.31824900117839 0.46002651600046
"X65" 115.0581 26.7414 5.95045628923624 3.45918097222222 2.49127531701402 0.234788892332727 1.07350793462267 0.535575324283188 7 6 1 0.933012701892219 0.269146981616256 0.527455567316636 0.612794415602338
"X66" 111.8971 41.7902 0.838610468104955 1.05978975 -0.221179281895045 0.738443345982351 0.486830491750727 0.51304711528789 7 7 0 1 0.0667514283343565 0.442894455518421 0.427721213145126
"X67" 18.5369 49.5021 3.80606845421964 2.64311120833333 1.16295724588631 0.513740116793978 1.26453604474755 0.484705887811875 7 6 1 0.933012701892219 0.351618044620851 0.911493962276874 0.541052017948678
"X68" 18.5429 49.4944 3.85205933638476 2.93509233333333 0.916967003051425 0.634112937451547 0.893193253832014 0.641646370697518 7 6 1 0.933012701892219 0.320934796453547 0.701169250596095 0.581417457209364
"X69" 14.7704 49.0247 3.94886068489629 2.86656559259259 1.08229509230369 0.623153737372264 0.851167953880551 0.689382050821549 7 7 0 1 0.292601380701125 0.668120850710502 0.57003745385455
"X70" 13.6834 53.8662 3.5216711977706 3.95093586111111 -0.429264663340508 0.853835323123192 1.72451897144066 0.530034087406777 7 7 0 1 0.358378710564544 1.54329487791078 0.464040527764075
"X71" 10.9143 51.1001 3.3826316337852 2.32030948214286 1.06232215164235 0.580848333869431 1.19886364255686 0.541673339818056 7 6 1 0.933012701892219 0.324848637554268 0.921444797427041 0.523374872022645
"X72" 13.5126 50.95 3.61759175169629 3.52226681060606 0.0953249410902246 0.962724612653441 1.1579223983433 0.630373452826183 7 7 0 1 0.327426498460008 1.00637646546191 0.509335625954543
"X73" 10.453 51.0792 3.4229598999068 3.11062727564103 0.312332624265778 0.832573576492102 0.864145759056817 0.602322973863385 7 6 1 0.933012701892219 0.310818240574829 0.718571540738117 0.566969463975361
"X74" 13.5224 50.8931 3.62802253253287 2.74048746893939 0.887535063593473 0.642228624693717 1.21718360433137 0.544830853626618 7 6 1 0.933012701892219 0.326123694905217 1.01193272278677 0.507772401871044
"X75" 13.3047 49.0996 3.94088074163065 2.06961548333333 1.87126525829731 0.228996533243983 1.23171119743472 0.378986897835219 7 8 1 0.933012701892219 0.327245184803373 0.554725237796028 0.663599161019666
"X76" 10.3678 51.3282 3.31369670441746 3.19926286458333 0.114433839834127 0.937028792120077 0.796761578922989 0.635807831232686 7 7 0 1 0.321027353720856 0.685058104566958 0.587789329398685
"X77" 13.7213 50.7867 3.69144312126085 3.90920491666667 -0.217761795405816 0.919671881645423 1.09893244693895 0.655350872732672 7 7 0 1 0.330934556920241 0.859629426063343 0.540626573587958
"X78" 6.3041 50.6219 3.85719427769967 4.42960214583333 -0.57240786813366 0.805037020791466 1.21326158295411 0.631494549698107 7 7 0 1 0.393771650534874 0.898422100137383 0.570234545303458
"X79" 6.4472 50.8659 3.83138024192693 2.75113441666667 1.08024582526027 0.559172059535194 0.960425623265671 0.596413636298834 7 7 0 1 0.39233571393096 0.866775378394193 0.578473973566003
"X80" 6.4497 50.8706 3.91837033644001 2.76770372916667 1.15066660727334 0.552461365220894 1.33995077360332 0.501084174372557 7 6 1 0.933012701892219 0.293621700311545 1.07785898733474 0.483072747588125
"X81" 11.3275 47.8064 3.6348518687107 2.03109594444444 1.60375592426626 0.277126332135286 1.45732734516681 0.311575484642012 7 7 0 1 0.303777326679799 0.716532124052344 0.56211711015244
"X82" 14.0337 51.8923 3.50680864615486 3.50851838333333 -0.00170973717847644 0.999099783792898 1.01698614489043 0.585254834249868 7 6 1 0.933012701892219 0.338349050341993 0.771709314278513 0.570319277360278
"X83" 13.5652 50.9624 3.65481622447669 3.52318222368421 0.131634000792478 0.944842550022317 1.00487127904533 0.648482460645338 7 6 1 0.933012701892219 0.337572111206736 0.830598297385795 0.552346574596281
"X84" 12.889 53.8759 3.30421174950912 2.15550795833333 1.14870379117579 0.442122519457821 0.691513033277861 0.611813025239512 7 7 0 1 0.281633869377876 0.44532238464316 0.692412731602263
"X85" 12.1918 55.6905 3.08063239707963 2.68250672222222 0.398125674857404 0.765069642998512 1.12663377722256 0.468696620581018 7 5 2 0.75 0.301718233720894 0.757948353318986 0.547754703311877
"X86" 9.5872 56.4842 2.9412646644558 2.71647941666667 0.224785247789132 0.869647487623645 1.58838419629121 0.372722359969546 8 8 0 1 0 0 NA
"X87" -51.3861 64.1308 0.0848531750147653 0.842910532142857 -0.758057357128092 0.328295346506674 0.641664198478587 0.389527478137755 8 7 1 0.933012701892219 0.0215279884605964 0.317601063279361 0.393679997826091
"X88" 11.6446 55.4859 3.38034308864071 4.79764226754386 -1.41729917890315 0.603581700572299 1.52460311223806 0.580945723230476 7 7 0 1 0.482564198666449 1.02198639397556 0.589891065347048
"X89" -20.5545 74.4814 0.00168010662894203 0.566188498 -0.564508391371058 0.436015046014616 0.672291580406456 0.372109253491068 8 7 1 0.933012701892219 0.000232798179514508 0.398588019894091 0.36809436654449
"X90" -20.5503 74.4733 0.00391764769149499 0.388078822633333 -0.384161174941838 0.367811174595665 0.380595832819969 0.371241303916186 8 7 1 0.933012701892219 0.00576014729271754 0.266392208374265 0.375920650767059
"X91" -2.2523 36.8336 1.01397100656055 1.51960115277778 -0.505630146217225 0.683531165949175 1.31083965986877 0.372917762777268 6 9 3 0.5 0.159209379064944 1.21459260423562 0.419404461791249
"X92" -2.9658 37.0979 1.36537126614938 1.002343 0.363028266149385 0.473442949239493 0.366654468854366 0.469920054220062 6 6 0 1 0.169770666059587 0.160731117195769 0.945312052389799
"X93" -2.7521 36.9266 1.25304773478639 0.653493576666667 0.599554158119724 0.220501437365634 0.473509124728171 0.303002963606195 6 5 1 0.933012701892219 0.217662564104341 0.353143326053101 0.681375026358964
"X94" 24.2948 61.8474 3.69843616716545 2.55159345614035 1.1468427110251 0.575519738089355 0.84763640313686 0.664751726463084 7 7 0 1 0.377765490962983 0.624433377663772 0.673662019702396
"X95" 23.5135 60.8986 3.85561366622835 1.73591639791667 2.11969726831168 0.283629699961561 1.12006964284676 0.513840608205545 7 7 0 1 0.340591033594036 0.615102900210102 0.640000649816327
"X96" 23.9595 60.6418 3.60755503158177 3.48084252083333 0.126712510748438 0.955228276365614 1.13203814071625 0.664169991864729 7 7 0 1 0.30065035432408 0.826429709871604 0.529296889476297
"X97" 24.2092 67.9972 1.89360302879743 1.10862991388889 0.784973114908543 0.533355915874844 0.264842999227284 0.808905866350614 7 7 0 1 0.124716727539879 0.167979408413144 0.772944891301357
"X98" 26.6386 67.3624 2.44922910880145 2.04119589285714 0.408033215944307 0.815701273633534 0.879153852259985 0.644738798911443 7 7 0 1 0.240662480111832 0.577519582069919 0.558063478172138
"X99" 2.7801 48.4764 3.56829074991346 2.79899481666667 0.769295933246788 0.613352732458637 1.37622363150542 0.417086993762175 7 6 1 0.933012701892219 0.397503029144325 1.11949913191272 0.524700428551913
"X100" 1.9519 48.8442 3.38152495684135 2.74725208151515 0.634272875326201 0.699160352916869 1.26938542516791 0.488593663850988 7 6 1 0.933012701892219 0.358230540361522 1.2147720809859 0.494056828792125
"X101" -0.7693 44.7171 3.55467885920709 3.99985370512821 -0.445174845921117 0.798370838330871 1.72003663257473 0.418933376841461 7 7 0 1 0.286541609025677 1.64027510005446 0.438099681975836
"X102" 3.5957 43.7413 3.92037004449174 2.58961501111111 1.33075503338063 0.367616353521315 1.45904014754065 0.333809564642415 7 6 1 0.933012701892219 0.288432695408536 0.956191314936052 0.497404089757765
"X103" -52.9249 5.2788 7.79539756091584 9.36395696969697 -1.56855940878113 0.440033654266639 1.87011796749079 0.375790131763627 8 7 1 0.933012701892219 0.183082416971302 1.57200853330562 0.41331883331184
"X104" -2.6942 5.2685 7.0867427081937 5.80365770833333 1.28308499986036 0.517137013158316 2.28831432718482 0.308482658474165 4 2 2 0.75 0.612708068429067 1.78635119498154 0.518401201034186
"X105" 14.9574 40.5238 3.42402196117005 4.21146636363636 -0.787444402466309 0.698524918269616 1.42090660105227 0.523399774028966 6 7 1 0.933012701892219 0.272902488099205 1.1700376249155 0.464516819818674
"X106" 12.0266 42.3804 3.32485190195905 2.6883370625 0.63651483945905 0.652414491586516 1.52567183344354 0.359276549708896 7 5 2 0.75 0.234692907657236 1.03771772804322 0.461239692561192
"X107" 12.026 42.3772 3.32481704723421 2.22170522916667 1.10311181806754 0.362113388196359 1.53852185451343 0.24250227585169 7 4 3 0.5 0.234704781512635 0.710767399949867 0.511817688508222
"X108" 12.0222 42.38 3.32459630064352 2.27581272916667 1.04878357147685 0.415463060878359 1.05609343616415 0.412927345540037 7 7 0 1 0.234780141505749 0.761195764898253 0.500792193912273
"X109" 13.5881 41.8494 3.57849793685206 2.20831518421053 1.37018275264153 0.36383124095453 1.24736350710485 0.39834525776603 7 7 0 1 0.322202215787988 1.00371563884124 0.507128660453338
"X110" 12.3573 41.7043 3.31665771799862 4.29359833333333 -0.97694061533471 0.530309777037703 1.46169889197239 0.387116017846263 7 6 1 0.933012701892219 0.225073547060237 1.21663418714866 0.442637952999984
"X111" 12.3761 41.7053 3.60683184193143 4.04713178703704 -0.440299945105608 0.801351431366853 1.67167870228481 0.431366701749324 6 5 1 0.933012701892219 0.256700528429315 1.43917832302084 0.439712591392209
"X112" 8.6336 45.8126 3.09363202715783 5.16540291666667 -2.07177088950884 0.430222345739462 1.44564745988546 0.555132954033985 7 6 1 0.933012701892219 0.166718650014605 1.01359561230572 0.433649970848416
"X113" 11.2853 45.9542 3.71160437984638 2.70879461111111 1.00280976873527 0.494272000045386 1.53249303741349 0.340658409570523 7 8 1 0.933012701892219 0.269431926080419 0.8655212465183 0.502225734697479
"X114" 11.2813 45.9562 3.5757923218115 2.52898576527778 1.04680655653372 0.444591809526645 1.4312230968347 0.330128557464771 7 6 1 0.933012701892219 0.317624619399346 0.771176580477998 0.555364933855902
"X115" 11.0458 46.0147 3.5263206001675 3.35446921969697 0.17185138047053 0.931796971569798 1.00416024992757 0.66181788394155 7 7 0 1 0.322207137593401 0.847656380703181 0.538006452293181
"X116" 8.1512 40.6062 4.09741182089118 2.55921688636364 1.53819493452754 0.182009362705934 1.20913042747333 0.262048174754792 6 5 1 0.933012701892219 0.254796423716251 0.648100834497706 0.54506140608571
"X117" 9.061 45.2009 3.40806972962843 3.51498744444444 -0.106917714816011 0.959717141617632 1.15998246075353 0.640127914368774 7 7 0 1 0.223971625407007 0.708026802146498 0.504762190040566
"X118" 11.4337 46.5869 3.6763641235925 2.33251034444444 1.34385377914805 0.445227847595466 1.65250636951626 0.369717227027565 7 7 0 1 0.321739010843852 1.27196040838833 0.473760834609757
"X119" 11.93 42.4081 3.58397279715822 3.68369115740741 -0.099718360249192 0.946443406750076 1.41301699479501 0.458415522855358 6 5 1 0.933012701892219 0.25359596093711 1.13039757001879 0.460400863591856
"X120" 11.9209 42.3903 3.51652129357649 2.73558286666667 0.780938426909822 0.59917292819966 1.20014035156747 0.455138792798773 7 5 2 0.75 0.262761198772168 0.884136382586396 0.495194494254716
"X121" 10.291 43.732 3.48090882728878 5.07571666666667 -1.59480783937789 0.483045521853418 1.62465526102949 0.476511931292944 7 6 1 0.933012701892219 0.203669448257171 1.2618051899676 0.432320169134185
"X122" 10.2844 43.7279 3.63217563856903 4.54711018452381 -0.914934545954781 0.657979595446447 1.67491757394002 0.464742123943801 7 6 1 0.933012701892219 0.232545496824886 1.55126322354323 0.427375261561767
"X123" 7.5781 45.8444 3.23576478168537 2.44460597619048 0.791158805494892 0.540392434146623 1.14233252674086 0.411212419187542 7 8 1 0.933012701892219 0.255021735246968 0.503536865833916 0.610462081438074
"X124" 102.3062 2.973 7.24945656945407 4.38975154761905 2.85970502183502 0.0630063061142876 1.06846857060504 0.355971408918668 5 5 0 1 0.18015263383168 0.927836188709468 0.446714436686782
"X125" 5.0713 52.2404 4.0720084031941 2.62719544791667 1.44481295527744 0.433649858704878 1.23457464419758 0.489711137716488 7 7 0 1 0.367890800124929 1.00221689429486 0.531037323652075
"X126" 5.7436 52.1666 4.12920612351214 3.81287055263158 0.316335570880558 0.846965092954942 0.951243171421895 0.606857259544492 7 7 0 1 0.422146279839397 0.798180361015263 0.624306295035234
"X127" 15.923 78.186 NA NA NA NA NA NA NA NA NA NA NA NA NA
"X128" -79.6346 9.3181 7.42674107619132 4.58843575 2.83830532619132 0.223427062341208 1.70215839517349 0.407071412219311 5 6 1 0.933012701892219 0.149922268011783 0.904344680896564 0.43421303881853
"X129" -79.6314 9.3138 7.42568319636666 8.52099611111111 -1.09531291474445 0.59606791374592 1.91790241115004 0.404148433806969 5 9 4 0.25 0.149959632645463 1.48411514177079 0.406993984226206
"X130" 161.3414 68.613 0.605089337007353 0.718941918667358 -0.113852581660005 0.872590414655847 0.441998110181832 0.58913453409209 7 7 0 1 0.104265157342632 0.279648001232909 0.534108796942247
"X131" 147.4943 70.8291 0.540676982122786 0.806233038848538 -0.265556056725751 0.74778393994306 0.592741113734342 0.522707613913425 7 8 1 0.933012701892219 0.0990289112701694 0.476175518428142 0.452923177573495
"X132" 32.9221 56.4615 3.82466452012938 3.89268764705882 -0.068023126929444 0.979565507954281 1.39815424628288 0.654186130106389 7 7 0 1 0.370022640863001 1.13486050129462 0.509691932901315
"X133" 90.0022 54.7252 2.35504258467553 1.53172603888889 0.823316545786641 0.576056463254346 0.658756819991163 0.643193884547232 7 7 0 1 0.200411728109342 0.446262364105823 0.576424718757122
"X134" 126.4958 72.3738 0.536566889807736 0.346815726243205 0.189751163564531 0.619371775041857 0.328351647196056 0.436501646203619 7 7 0 1 0.0901265119906392 0.160900759403058 0.644124833541086
"X135" 129.168 62.255 1.53070758358278 0.652204156645556 0.878503426937221 0.313133064142494 1.22037385292077 0.199292690751864 7 8 1 0.933012701892219 0.129739435793366 0.434153315660221 0.496006238736026
"X136" 128.8878 71.5943 0.441497574843646 0.801030688833333 -0.359533113989687 0.688957037644656 0.623774123240243 0.523926648247918 7 8 1 0.933012701892219 0.0757034001213065 0.509284438402053 0.426836859782348
"X137" 62.9405 67.0547 0.982284596486347 1.91479333333333 -0.932508736846987 0.456225338918237 0.414331166485325 0.705613692614626 7 7 0 1 0 0 NA
"X138" 30.4783 13.2829 0.998075289615301 1.90760927083333 -0.909533981218033 0.533703958136239 1.3461791050444 0.394806228361514 10 8 2 0.75 0.126708312396375 1.17681410321436 0.409700295583915
"X139" 19.0503 68.3542 0.929943792764107 1.538909 -0.608965207235894 0.56135563461994 0.614269781479192 0.558539316613993 7 7 0 1 0.086163054977894 0.453357108873266 0.44488279869994
"X140" -15.4322 15.4028 1.73035752753628 4.44896460416667 -2.71860707663039 0.353128138920854 2.63212129571283 0.365017548488577 10 9 1 0.933012701892219 0.181184024610983 2.31043031908405 0.39788989177215
"X141" -99.42 36.4267 2.0868345377895 1.74078485833333 0.346049679456168 0.765549154934333 1.12179537752199 0.420604080975901 7 5 2 0.75 0.380487112487756 0.704788805993386 0.631195117660125
"X142" -99.5975 36.6358 2.06868544027924 1.08277511041667 0.985910329862575 0.311794531276897 1.04282419120422 0.291508303104193 7 6 1 0.933012701892219 0.38010422510474 0.548149657346981 0.735968083822032
"X143" -98.0402 35.5497 2.72351425008871 2.98621129166667 -0.262697041577955 0.893259144350108 1.39207963778205 0.549820157198095 7 7 0 1 0.239981409116624 1.03023262793599 0.46437588835552
"X144" -98.04 35.5465 2.72363712992925 2.816576375 -0.0929392450707498 0.956302937388816 1.15329804559135 0.57438925937584 7 7 0 1 0.239568735755764 0.829027707613752 0.491140789269527
"X145" -97.4888 36.6058 2.9618470100975 1.78547598333333 1.17637102676416 0.368064564530264 1.35147318064361 0.317184564595068 7 4 3 0.5 0.402894125668256 0.736846261214514 0.635579435612637
"X146" -157.4089 70.4696 0.237384775546237 0.607625954722222 -0.370241179175985 0.601049723440826 0.557557126310017 0.464573725637293 8 7 1 0.933012701892219 0.0376638094403167 0.367920646693294 0.407534120947409
"X147" -120.6328 38.8953 1.08461699615304 2.26771137121212 -1.18309437505908 0.389068304989362 1.11430399388 0.411020589223901 6 6 0 1 0.0966694854812757 1.07026686513099 0.402654174362476
"X148" -109.39 38.09 0.62242671729081 0.201326079333333 0.421100637957476 0.106122312028734 0.307082721498542 0.194796395961747 8 7 1 0.933012701892219 0.0596286441059103 0.137705687331813 0.567233136378339
"X149" -83.3471 41.6285 4.08833489363944 2.82673041666667 1.26160447697278 0.573302145478665 1.53617417578513 0.507924657513624 7 8 1 0.933012701892219 0.375324272374733 1.0672060224587 0.52292808735945
"X150" -106.2397 41.3658 0.899109080004121 1.25498304166667 -0.355873961662546 0.731447523899061 0.677892045314057 0.551172078587646 7 7 0 1 0.0502854120410435 0.488870460186894 0.407734277235089
"X151" -106.2399 41.3665 0.949511447691068 2.17975758333333 -1.23024613564226 0.466759401970512 1.17115248472097 0.484158833682094 7 7 0 1 0.0931181513853091 0.684067850814912 0.421525141810346
"X152" -89.8735 34.2547 5.27161691624879 2.77480557166667 2.49681134458212 0.269191512210352 1.56004254190636 0.44044774644246 7 7 0 1 0.445961617124854 0.955008962586139 0.586824860629395
"X153" -72.1715 42.5378 4.16055517844877 3.37577490909091 0.784780269357857 0.686815145148243 1.76489147453386 0.429605022667704 7 7 0 1 0.313858387629062 1.34649756022817 0.464447119791157
"X154" -88.241 41.8406 3.97740849656538 2.83012783333333 1.14728066323205 0.612364807036176 1.04431459340108 0.63991990026137 7 7 0 1 0.474791733780612 0.821954113474783 0.655496549989876
"X155" -155.7503 68.4865 0.346812102763602 0.897201639583333 -0.550389536819732 0.550532391769528 0.634698659011652 0.502430256028839 7 7 0 1 0.0548090606448068 0.370398224453363 0.426549582357506
"X156" -80.6709 28.4583 7.25968020125417 4.68436333333333 2.57531686792084 0.117313627562702 1.01716998767799 0.428964760733062 8 6 2 0.75 0 0 NA
"X157" -80.6715 28.6086 7.0793817832114 3.91486541666667 3.16451636654474 0.0878074323921105 0.868484067072196 0.512929863223887 7 7 0 1 0.322763807731691 0.583588134958708 0.639587272820753
"X158" -119.8423 36.3566 1.15019241237991 1.57239466666667 -0.422202254286755 0.492079870400147 0.42403984441699 0.490563483975254 5 6 1 0.933012701892219 0.0768932972425265 0.287417030028305 0.480721179358569
"X159" -89.9792 46.0827 3.83989990698577 2.11012044924242 1.72977945774335 0.376117971130339 1.6907227027714 0.384514620818934 7 7 0 1 0.312798727832865 1.15157659491345 0.482693456154696
"X160" -97.9789 34.9604 2.89741286686866 2.49285991666667 0.404552950201998 0.736432182243954 1.1765803918088 0.410748463479111 8 6 2 0.75 0.246457075652909 0.787073728339717 0.503148895796456
"X161" -121.5 44.5794 2.11089670454215 1.46558808333333 0.645308621208815 0.409371476531385 0.782015591006048 0.33880178308451 7 7 0 1 0.0984108215560675 0.51314384530948 0.445650701163491
"X162" -121.5574 44.4523 2.15885574733798 3.2476326275641 -1.08877688022612 0.603075682646359 1.55337048631597 0.486019783550667 7 7 0 1 0.161284527471738 1.19595289898682 0.420992017981389
"X163" -121.6078 44.3154 2.14022987758378 1.64401244444444 0.496217433139334 0.667338490037385 0.781635333303095 0.528825450198322 7 7 0 1 0.162603963760602 0.566432428627675 0.490204236098367
"X164" -121.6224 44.4992 2.15311301102151 1.19426284833333 0.958850162688176 0.243006272955064 0.767249865292091 0.322392722707917 7 7 0 1 0.141453481065334 0.523609515219033 0.481981622931544
"X165" -121.5668 44.4372 2.02892399652967 1.67838752777778 0.350536468751891 0.75497914065228 0.571130291165968 0.632585150031554 7 7 0 1 0.130889731485549 0.353357785168732 0.53281393927144
"X166" -121.6078 44.3233 2.18598711820155 1.73001955 0.455967568201551 0.668863911147547 0.615413600274834 0.581113027996127 7 7 0 1 0.15075678250714 0.496401899051726 0.498425596569554
"X167" -86.4131 39.3232 4.37989277215446 3.38346940625 0.996423365904458 0.673556385143294 1.31833002735123 0.592827145214414 7 7 0 1 0.464198608107431 1.08812307888721 0.563608663821229
"X168" -121.7651 38.0498 1.57651225718876 3.41579391666667 -1.83928165947791 0.485808399952699 2.36622360980003 0.395038419760317 6 8 2 0.75 0.10511536927884 2.09429128800912 0.386815044925807
"X169" -96.4766 41.1651 3.01391981285825 3.61993552564103 -0.606015712782775 0.843904521226831 2.15400753323428 0.547039572206948 7 7 0 1 0.578297562619477 1.22138425752896 0.590655212101599
"X170" -96.4701 41.1649 3.01482003521432 3.26421807051282 -0.249398035298499 0.924198949639374 1.87364093764443 0.553105344040681 7 8 1 0.933012701892219 0.578706789331278 1.10729878144985 0.620412501030233
"X171" -96.4397 41.1797 3.0176583457069 2.60781192948718 0.40984641621972 0.858421256314329 1.53416736913322 0.564706358576541 7 8 1 0.933012701892219 0.579707179262914 0.944097492866631 0.679793076151608
"X172" -105.5464 40.0329 1.2238631368087 2.05867261979167 -0.834809482982969 0.638271432558893 1.10688056542544 0.551385207358586 7 7 0 1 0.111568571394141 0.418259946079071 0.480342722146667
"X173" -83.8438 41.5545 4.12554954529532 2.70058859166667 1.42496095362865 0.487059740806847 0.938254938827169 0.622717177476692 7 7 0 1 0.415265240965394 0.571973517489084 0.760348648348646
"X174" -83.0183 40.0201 4.19036303706576 2.180957 2.00940603706576 0.153768416188718 2.300217160692 0.117269900043088 7 6 1 0.933012701892219 0 0 NA
"X175" -147.4876 65.1237 1.6671149463636 0.653851259816667 1.01326368654693 0.302731558423585 0.736273320930499 0.419679854540245 7 7 0 1 0.166477349520529 0.469033558666661 0.524629472974192
"X176" -110.8395 31.9083 0.95939044867638 0.412503608333333 0.546886840343047 0.321662520436712 0.515675101717058 0.343173649261783 8 7 1 0.933012701892219 0.172798605322126 0.393254135921757 0.570870415829922
"X177" -110.8277 31.7894 1.00859594942747 1.02415875357143 -0.0155628041439564 0.985895539077604 0.830653752557694 0.468520608087728 8 8 0 1 0.177197840022205 0.485250549058587 0.530024380258499
"X178" -110.8661 31.8214 0.944154855704707 1.01414079545455 -0.0699859397498381 0.921853274880212 0.616607352503543 0.488264014385594 8 8 0 1 0.165507356863421 0.411651520930062 0.549941678540419
"X179" -89.3477 46.242 3.70821947317131 2.52518787636364 1.18303159680767 0.613844174896029 1.80961073420472 0.474029706988673 7 7 0 1 0.329142077719554 1.58605737436491 0.452721639859003
"X180" -120.966 38.4316 1.24213141814249 2.04622038095238 -0.804088962809892 0.532490321908666 1.27450668637973 0.368294584984134 6 4 2 0.75 0.10589541822731 0.906992385954055 0.413438904814475
"X181" -121.6469 38.1074 1.50706662013826 4.10801583333333 -2.60094921319507 0.231451630986549 1.42709701057887 0.448012410589448 6 7 1 0.933012701892219 0.0978778109785969 0.983123943842055 0.406389978041018
"X182" -121.6433 38.1047 1.50626695030761 4.25747666666667 -2.75120971635905 0.277360881469618 1.88630523473985 0.415084426531782 7 8 1 0.933012701892219 0.0765431154281137 1.00848021748487 0.396888248201829
"X183" -121.6467 38.1159 1.50628084686495 6.29088583333333 -4.78460498646839 0.0855176469856712 1.4870338186273 0.465680126142043 6 7 1 0.933012701892219 0.0815674156311361 0.741249621556958 0.410672349549619
"X184" -121.6414 38.103 1.50502267172872 2.00680491666667 -0.501782244937945 0.555893615659988 0.701272982799874 0.440158880868695 6 8 2 0.75 0.0815591598695326 0.49974575320365 0.43309477568451
"X185" -121.653 38.1087 1.5402638050239 3.65880172222222 -2.11853791719833 0.368050306639238 1.96661036203461 0.395400719511963 6 9 3 0.5 0.112294744948395 1.2388852414323 0.40278263291286
"X186" -84.7138 45.5598 NA NA NA NA NA NA NA NA NA NA NA NA NA
"X187" -84.6975 45.5625 NA NA NA NA NA NA NA NA NA NA NA NA NA
"X188" -120.9507 38.4133 1.23948647444568 1.79586259 -0.55637611555432 0.659713923763741 1.42761112792785 0.343940111452418 6 3 3 0.5 0.104898404971072 0.955785969656588 0.410553486003684
"X189" -90.0799 45.8059 3.81544321123205 2.63277632564103 1.18266688559102 0.617493160016876 1.56921374714465 0.52747472273486 7 7 0 1 0.337209719944858 1.41624204785743 0.466779524537222
"X190" -110.0522 31.7438 1.22462165515827 0.6130529378125 0.611568717345774 0.388440766974664 0.406571792198856 0.533313427988773 8 8 0 1 0.196359939162832 0.351527152576884 0.64312967766996
"X191" -91.0814 46.6188 3.65079291854665 1.38022169166667 2.27057122687998 0.113767496594334 2.28662869989831 0.112032071235901 7 11 4 0.25 0 0 NA
"X192" -91.2329 46.7305 3.58063691892132 3.509895 0.0707419189213221 0.975362878907246 1.2109953849146 0.652442149288443 7 8 1 0.933012701892219 0 0 NA
"X193" -91.1528 46.6869 3.59121123864595 1.46598455833333 2.12522668031261 0.156287241286962 1.62912376864316 0.241040612865307 7 8 1 0.933012701892219 0 0 NA
"X194" -91.0987 46.6347 3.78856191411128 1.166988 2.62157391411128 0.0217396770616343 2.14122540928024 0.0438446522548691 7 7 0 1 0.254154334333727 0.340836467362404 0.775442249283695
"X195" -91.1663 46.7393 3.65897902966963 1.48848158375 2.17049744591963 0.229902012679483 1.81346085714247 0.292796563156741 7 8 1 0.933012701892219 0.242527972364149 0.957050125846285 0.473981013137741
"X196" -91.0858 46.6531 3.92462708647829 1.47084106666667 2.45378601981162 0.233578054553882 1.58115999777952 0.391771621349419 7 7 0 1 0 0 NA
"X197" -91.2982 46.6249 3.62588526150311 0.374268257333333 3.25161700416978 0.000108888513952463 2.25135259622626 0.00180338339142386 7 7 0 1 0.138144374308337 0.203870927872763 0.72441346294226
"X198" -91.0693 46.6491 3.5384027140657 1.723183 1.8152197140657 0.288882125424123 1.19090988996411 0.442787547754848 7 8 1 0.933012701892219 0 0 NA
"X199" -91.2524 46.7223 3.63534192068517 2.44324516666667 1.19209675401851 0.551612713587931 0.955864678380314 0.620630852010594 7 8 1 0.933012701892219 0 0 NA
"X200" -91.0814 46.6188 3.73770136581668 1.42437919166667 2.31332217415001 0.193487597698764 2.13642664573316 0.219382240106108 7 7 0 1 0.287289880532778 0.907718271468498 0.504845290273843
"X201" -109.9419 31.7365 1.2255163111679 0.816191393181818 0.409324917986077 0.607695673792301 0.60563184385578 0.478569286301513 8 8 0 1 0.191821561657356 0.550186920348303 0.521340440438669
"X202" -82.9962 41.4646 4.11086725549252 2.20129322222222 1.9095740332703 0.222539119928059 1.53509185982258 0.298803034319912 7 7 0 1 0.380431830784531 0.428170865148872 0.894495605334588
"X203" 31.4969 -25.0197 4.49893293562415 2.7151687797619 1.78376415586225 0.465493560983486 2.28012655515773 0.376274744366849 1 1 0 1 0.352547725876357 2.05764113895709 0.436632178860076
"X204" 23.2528 -15.4378 3.93405556057161 5.74876979166667 -1.81471423109506 0.60235541691942 3.25606522476822 0.402716290844956 11 2 3 0.5 0.194393997701856 3.06622720169537 0.391957615921196
